0,90,679,411,739,531
0,91,680,410,738,530
0,92,679,410,737,530
0,93,678,409,735,531
0,94,677,410,735,531
0,95,677,410,734,531
0,96,677,411,733,531
0,97,677,412,732,531
0,98,676,414,730,531
0,99,676,414,727,531
0,100,675,415,726,531
0,101,675,414,726,531
0,102,674,413,725,531
0,103,673,412,724,531
0,104,672,411,723,531
0,105,671,410,722,531
0,106,670,410,721,531
0,107,669,411,721,531
0,108,668,412,722,531
0,109,669,413,722,531
0,110,670,415,721,531
0,111,670,416,721,531
0,112,671,417,723,531
0,113,671,418,724,531
0,114,672,418,726,531
0,115,674,418,728,531
0,116,675,417,730,531
0,117,677,416,731,531
0,118,678,415,732,531
0,119,679,415,732,531
0,120,679,415,734,532
0,121,680,415,737,533
0,122,681,416,739,532
0,123,681,417,738,532
0,124,682,418,735,532
0,125,682,419,735,532
0,126,682,418,736,532
0,127,682,417,737,532
0,128,682,415,738,532
0,129,683,414,739,532
0,130,684,413,740,532
0,131,685,413,741,532
0,132,686,413,741,532
0,133,686,414,742,532
0,134,687,416,741,532
0,135,686,418,741,532
0,136,685,420,740,532
0,137,683,421,738,532
0,138,682,421,737,532
0,139,680,421,734,532
0,140,679,420,733,532
0,141,679,420,733,532
0,142,679,418,732,532
0,143,679,417,732,532
0,144,679,416,731,533
0,145,678,417,730,533
0,146,678,417,730,533
0,147,677,418,729,533
0,148,677,419,729,533
0,149,677,419,729,533
0,150,677,417,730,533
0,151,677,415,731,533
0,152,678,412,733,533
0,153,678,410,735,533
0,154,679,409,737,533
0,155,680,408,738,533
0,156,681,409,739,534
0,157,682,410,739,534
0,158,683,412,739,534
0,159,683,413,740,534
0,160,684,415,740,534
0,161,683,414,741,534
0,162,682,413,743,534
0,163,680,410,744,534
0,164,678,406,747,534
0,165,676,403,753,534
0,166,673,402,759,534
0,167,667,401,765,533
0,168,660,401,771,533
0,169,654,401,776,533
0,170,652,403,779,534
0,171,653,405,779,534
0,172,654,408,780,535
0,173,659,410,780,534
0,174,663,410,780,534
0,175,664,409,780,534
0,176,665,406,779,534
0,177,664,404,777,535
0,178,664,402,772,535
0,179,665,401,766,534
0,180,668,401,759,534
0,181,671,401,754,534
0,182,675,402,753,535
0,183,679,404,751,535
0,184,683,406,749,535
0,185,686,409,745,534
0,186,687,410,741,534
0,187,686,411,740,534
0,188,685,412,740,534
0,189,684,412,739,534
0,190,684,411,739,534
0,191,682,410,738,534
0,192,677,409,737,534
0,193,676,409,736,534
0,194,678,408,736,534
0,195,682,408,734,534
0,196,687,408,733,534
0,197,691,408,733,534
0,198,693,409,733,534
0,199,693,409,733,534
0,200,693,409,733,535
0,201,693,408,733,535
0,202,693,408,732,535
0,203,693,407,732,534
0,204,693,409,732,534
0,205,693,408,732,534
0,206,694,408,732,534
0,207,693,408,732,534
0,208,685,408,731,534
0,209,680,407,731,534
0,210,678,407,732,534
0,211,679,407,733,534
0,212,682,408,734,534
0,213,686,408,736,534
0,214,686,409,738,534
0,215,688,409,739,533
0,216,690,409,740,533
0,217,692,408,740,533
0,218,693,408,743,532
0,219,694,408,749,532
0,220,695,408,753,533
0,221,696,409,753,533
0,222,696,409,750,533
0,223,696,411,746,533
0,224,697,411,742,534
0,225,697,412,741,534
0,226,697,411,744,534
0,227,697,411,749,533
0,228,696,410,755,533
0,229,695,410,759,533
0,230,693,409,759,533
0,231,693,408,757,533
0,232,693,408,751,533
0,233,692,407,749,533
0,234,692,407,750,533
0,235,693,408,749,532
0,236,694,408,747,531
0,237,683,409,744,531
0,238,676,410,740,531
0,239,674,410,737,531
0,240,675,410,736,531
0,241,677,410,734,531
0,242,679,409,733,531
0,243,681,409,731,531
0,244,684,408,731,531
0,245,683,408,731,531
0,246,683,409,731,532
0,247,686,410,731,532
0,248,687,411,731,532
0,249,687,412,730,532
0,250,686,412,730,532
0,251,687,412,729,532
0,252,684,411,729,532
0,253,677,410,729,532
0,254,673,409,728,532
0,255,672,409,728,532
0,256,674,408,729,532
0,257,677,407,729,532
0,258,680,407,730,532
0,259,682,407,730,531
0,260,684,408,730,530
0,261,686,409,733,530
0,262,689,409,741,530
0,263,689,410,747,530
0,264,689,409,751,530
0,265,689,409,752,530
0,266,688,408,752,530
0,267,687,408,751,530
0,268,686,408,749,530
0,269,686,408,749,530
0,270,686,409,754,530
0,271,686,410,758,531
0,272,686,411,759,531
0,273,687,413,757,531
0,274,688,413,753,531
0,275,690,414,751,531
1,335,703,407,761,556
1,336,702,405,761,556
1,337,702,404,761,556
1,338,700,404,777,557
1,339,712,401,774,556
1,340,713,397,772,556
1,341,713,397,769,556
1,342,714,399,766,556
1,343,714,400,764,556
1,344,714,402,763,555
1,345,713,404,762,555
1,346,705,406,763,555
1,347,694,408,764,554
1,348,686,409,764,554
1,349,679,410,766,554
1,350,675,410,769,554
1,351,673,409,774,554
1,352,671,409,783,555
1,353,666,410,791,555
1,354,660,412,796,556
1,355,657,414,799,556
1,356,657,417,800,556
1,357,659,419,800,556
1,358,661,421,797,556
1,359,660,422,791,556
1,360,660,421,781,556
1,361,668,420,766,556
1,362,670,416,763,556
1,363,670,413,761,555
1,364,671,409,759,555
1,365,677,406,755,556
1,366,688,405,752,556
1,367,700,405,751,555
1,368,701,407,750,555
1,369,701,408,754,555
1,370,702,410,764,555
1,371,702,412,776,555
1,372,703,414,786,555
1,373,701,415,795,555
1,374,698,415,803,555
1,375,689,415,808,555
1,376,680,415,811,555
1,377,674,416,812,555
1,378,670,417,812,556
1,379,667,413,811,556
1,380,667,409,811,556
1,381,670,407,811,556
1,382,675,408,811,556
1,383,680,411,811,556
1,384,684,416,814,556
1,385,689,422,817,556
1,386,697,422,815,556
1,387,705,418,811,556
1,388,709,414,810,555
1,389,712,410,805,555
1,390,714,407,795,555
1,391,716,405,783,555
1,392,718,404,780,555
1,393,720,404,776,554
1,394,722,405,774,554
1,395,721,407,773,554
1,396,713,408,772,554
1,397,707,410,772,554
1,398,702,411,773,554
1,399,697,411,774,554
1,400,692,411,776,554
1,401,689,411,778,554
1,402,688,411,785,554
1,403,688,411,792,554
1,404,680,411,797,554
1,405,673,412,801,555
1,406,668,413,804,555
1,407,668,414,806,555
1,408,669,415,808,555
1,409,669,415,807,555
1,410,667,415,803,555
1,411,667,413,796,555
1,412,673,411,788,555
1,413,682,409,778,555
1,414,687,406,774,555
1,415,691,404,771,555
1,416,700,402,768,555
1,417,705,401,764,555
1,418,706,400,761,555
1,419,707,401,759,555
1,420,707,402,768,554
1,421,707,404,778,555
1,422,708,405,787,554
1,423,708,406,793,554
1,424,708,406,796,554
1,425,707,406,797,554
1,426,704,406,795,554
1,427,702,407,792,554
1,428,700,407,788,555
1,429,696,409,789,555
1,430,688,410,800,555
1,431,681,412,808,556
1,432,675,413,811,556
1,433,672,414,813,556
1,434,672,414,815,556
1,435,676,412,814,556
1,436,683,410,811,555
1,437,690,406,805,555
1,438,699,403,799,555
1,439,702,400,792,555
1,440,705,399,786,555
1,441,708,399,783,555
1,442,711,400,781,555
1,443,714,402,777,555
1,444,715,405,773,554
1,445,715,407,771,555
1,446,712,409,769,555
1,447,708,410,769,555
1,448,704,410,768,555
1,449,702,410,768,555
1,450,703,408,766,555
2,130,583,408,635,531
2,131,580,408,637,531
2,132,577,408,639,531
2,133,575,408,641,531
2,134,572,408,643,531
2,135,569,408,645,531
2,136,567,408,646,531
2,137,565,408,647,531
2,138,563,408,648,531
2,139,561,408,650,531
2,140,559,408,651,531
2,141,558,408,653,531
2,142,559,407,654,531
2,143,560,407,654,531
2,144,562,407,653,531
2,145,564,407,651,531
2,146,565,407,650,531
2,147,565,407,648,531
2,148,564,407,647,531
2,149,564,407,647,531
2,150,564,408,647,531
2,151,564,408,647,531
2,152,564,408,647,531
2,153,565,408,648,531
2,154,565,409,648,531
2,155,566,409,648,531
2,156,566,409,647,531
2,157,567,409,648,531
2,158,568,409,648,531
2,159,569,408,648,531
2,160,570,408,648,531
2,161,570,408,649,531
2,162,570,408,650,531
2,163,569,408,651,531
2,164,568,407,652,531
2,165,567,407,652,531
2,166,567,407,651,531
2,167,568,407,651,531
2,168,568,408,652,531
2,169,568,408,654,531
2,170,568,408,654,531
2,171,568,408,654,531
2,172,568,408,653,531
2,173,568,408,652,531
2,174,568,408,652,531
2,175,569,408,651,531
2,176,570,408,650,531
2,177,570,408,650,531
2,178,571,409,651,531
2,179,571,409,653,531
2,180,572,409,655,532
2,181,572,410,656,532
2,182,573,410,657,532
2,183,573,410,658,532
2,184,574,409,659,532
2,185,573,409,657,532
2,186,573,404,653,532
2,187,574,398,646,532
2,188,574,395,643,532
2,189,574,398,639,532
2,190,575,401,637,532
2,191,575,401,637,531
2,192,576,400,637,531
2,193,576,399,637,531
2,194,576,398,638,531
2,195,576,398,640,531
2,196,576,398,642,532
2,197,576,400,644,531
2,198,576,403,645,531
2,199,575,406,645,531
2,200,576,409,645,531
2,201,578,409,645,531
2,202,581,408,644,531
2,203,582,406,642,531
2,204,583,405,640,531
2,205,584,404,637,531
2,206,584,405,635,531
2,207,584,406,634,531
2,208,584,408,633,531
2,209,583,409,633,531
2,210,580,409,633,531
2,211,577,409,634,531
2,212,576,409,635,531
2,213,575,409,634,531
2,214,575,409,635,531
2,215,575,409,635,531
2,216,576,410,636,531
2,217,577,410,636,531
2,218,578,411,636,531
2,219,578,411,636,531
2,220,578,411,636,531
2,221,577,411,636,531
2,222,577,411,636,531
2,223,577,411,636,531
2,224,576,410,636,531
2,225,572,410,637,530
2,226,568,409,638,530
2,227,566,409,639,530
2,228,563,409,639,530
2,229,559,409,639,531
2,230,556,409,639,531
2,231,554,409,639,531
2,232,553,409,639,531
2,233,552,410,638,531
2,234,551,410,637,531
2,235,550,410,636,531
2,236,550,410,636,531
2,237,549,409,635,531
2,238,549,408,635,531
2,239,550,408,634,531
2,240,551,408,634,531
2,241,552,408,632,531
2,242,552,408,631,531
2,243,552,408,632,531
2,244,553,408,633,531
2,245,554,409,633,531
2,246,556,408,631,531
2,247,560,409,628,531
2,248,562,409,627,531
2,249,563,409,628,531
2,250,563,409,628,531
2,251,564,409,628,531
2,252,565,409,629,531
2,253,566,409,630,531
2,254,567,410,632,531
2,255,567,410,633,530
2,256,568,410,633,530
2,257,569,410,633,531
2,258,569,410,632,531
2,259,569,410,633,531
2,260,567,410,632,531
2,261,564,410,632,531
2,262,562,410,631,531
2,263,561,411,631,531
2,264,561,411,630,531
2,265,559,412,630,531
2,266,557,412,630,531
2,267,556,412,629,531
2,268,555,411,629,530
2,269,556,411,629,530
2,270,556,412,629,530
2,271,556,413,628,530
2,272,555,413,628,530
2,273,554,413,628,530
2,274,554,413,627,530
2,275,555,413,627,530
2,276,556,413,627,530
2,277,556,413,626,530
2,278,556,413,626,530
2,279,555,413,626,530
2,280,557,413,625,530
2,281,560,413,625,530
2,282,563,413,625,530
2,283,564,413,624,530
2,284,564,413,625,530
2,285,564,413,627,530
2,286,564,413,628,530
2,287,564,413,628,531
2,288,564,412,630,530
2,289,564,412,632,530
2,290,564,413,633,530
2,291,564,413,635,530
2,292,564,413,636,530
2,293,564,413,636,530
2,294,564,413,636,530
2,295,563,414,636,530
2,296,562,414,636,530
2,297,561,414,636,530
2,298,560,413,636,531
2,299,560,413,635,531
2,300,559,412,633,531
2,301,559,412,631,531
2,302,559,412,625,531
2,303,560,412,617,531
2,304,560,412,614,531
2,305,561,412,614,531
2,306,564,412,614,530
2,307,569,412,614,530
2,308,571,412,615,531
2,309,571,412,616,531
2,310,572,412,620,531
2,311,573,411,623,531
2,312,573,411,624,531
2,313,573,410,625,531
2,314,573,410,624,531
2,315,573,410,628,531
2,316,573,410,633,531
2,317,574,410,634,531
2,318,574,410,635,531
2,319,575,409,635,531
2,320,575,409,635,531
2,321,574,409,634,531
2,322,573,408,634,531
2,323,571,408,634,531
2,324,570,408,633,531
2,325,570,408,631,531
2,326,570,408,632,531
2,327,570,408,632,531
2,328,570,408,632,531
2,329,570,409,634,531
2,330,568,409,638,531
2,331,565,408,642,531
2,332,564,408,645,531
2,333,564,408,646,531
2,334,566,408,646,531
2,335,568,408,646,531
2,336,569,409,647,531
2,337,570,409,647,531
2,338,570,409,648,531
2,339,570,408,649,531
2,340,571,408,650,531
2,341,571,407,651,531
2,342,572,407,651,531
2,343,572,407,652,531
2,344,573,407,652,531
2,345,573,407,653,531
2,346,572,407,653,531
2,347,573,407,652,531
2,348,573,407,652,531
2,349,573,408,651,531
2,350,574,408,652,531
2,351,574,408,652,531
2,352,574,409,651,531
2,353,576,409,650,531
2,354,578,408,647,531
2,355,580,408,645,531
2,356,581,408,644,531
2,357,581,408,644,531
2,358,581,408,643,531
2,359,581,408,643,531
2,360,581,407,643,531
2,361,581,407,643,531
2,362,581,407,642,531
2,363,581,408,642,531
2,364,580,408,642,531
2,365,580,408,643,531
2,366,579,407,643,531
2,367,578,407,644,531
2,368,578,407,645,531
2,369,578,407,645,531
2,370,578,407,644,531
2,371,578,407,644,531
2,372,579,407,643,531
2,373,579,407,643,531
2,374,579,407,642,531
2,375,578,407,643,531
2,376,576,407,645,531
2,377,574,407,646,531
2,378,573,407,647,531
2,379,571,408,646,531
2,380,571,408,646,531
2,381,571,408,645,531
2,382,570,408,644,531
2,383,570,409,644,531
2,384,570,409,644,531
2,385,569,409,643,531
2,386,568,409,643,531
2,387,568,409,644,531
2,388,567,409,644,531
2,389,567,408,644,531
2,390,567,408,644,531
2,391,566,408,644,531
2,392,566,408,643,531
2,393,566,408,643,531
2,394,567,408,643,531
2,395,567,408,643,531
2,396,567,408,643,531
2,397,567,408,643,531
2,398,568,408,643,531
2,399,568,408,642,531
2,400,569,408,642,531
2,401,569,408,641,531
2,402,569,408,641,531
2,403,570,408,641,531
2,404,569,408,641,531
2,405,568,408,642,531
2,406,567,408,642,531
2,407,567,409,642,531
2,408,567,409,642,531
2,409,567,409,643,531
2,410,568,409,643,531
2,411,568,409,643,531
2,412,568,409,642,531
2,413,568,409,642,531
2,414,569,408,646,531
2,415,579,408,638,530
