0,90,264,431,401,667
0,91,234,436,374,670
0,92,211,444,354,672
0,93,204,453,350,674
0,94,211,461,348,673
0,95,221,465,349,673
0,96,229,466,349,674
0,97,237,467,349,674
0,98,245,468,349,674
0,99,252,468,348,674
0,100,255,469,349,674
0,101,254,469,349,674
0,102,254,469,349,674
0,103,254,469,349,674
0,104,255,469,349,674
0,105,253,468,349,674
0,106,245,467,349,674
0,107,243,466,350,674
0,108,250,466,351,674
0,109,261,466,352,674
0,110,262,468,352,673
0,111,262,470,353,673
0,112,262,473,353,673
0,113,262,476,354,673
0,114,262,480,355,673
0,115,262,483,356,673
0,116,263,487,357,673
0,117,263,490,359,674
0,118,263,493,360,674
0,119,260,496,361,674
0,120,257,497,361,674
0,121,254,498,361,674
0,122,249,498,361,674
0,123,241,497,360,674
0,124,233,495,359,674
0,125,226,492,358,674
0,126,223,489,357,674
0,127,229,485,356,674
0,128,231,481,354,674
0,129,234,476,353,674
0,130,240,470,351,674
0,131,245,464,348,674
0,132,247,457,346,673
0,133,247,452,344,673
0,134,249,447,343,673
0,135,252,443,341,673
0,136,256,440,340,673
0,137,261,439,342,673
0,138,262,439,346,672
0,139,262,440,348,672
0,140,261,443,350,672
0,141,261,447,352,672
0,142,261,452,352,672
0,143,261,458,352,673
0,144,261,465,351,673
0,145,261,473,349,673
0,146,262,481,351,673
0,147,261,490,353,674
0,148,256,499,355,674
0,149,252,506,357,674
0,150,248,513,359,675
0,151,245,520,360,675
0,152,241,525,365,675
0,153,238,529,370,676
0,154,236,532,373,676
0,155,235,533,375,676
0,156,234,532,375,676
0,157,233,529,373,676
0,158,233,525,370,676
0,159,230,520,367,676
0,160,223,513,366,676
0,161,218,506,365,675
0,162,217,497,366,675
0,163,218,489,366,675
0,164,217,482,367,675
0,165,217,475,366,675
0,166,217,468,365,675
0,167,216,463,362,675
0,168,215,458,358,675
0,169,217,453,353,674
0,170,223,449,349,674
0,171,228,445,346,674
0,172,232,442,344,674
0,173,234,440,342,674
0,174,234,438,338,674
0,175,234,438,331,674
0,176,233,439,330,674
0,177,230,441,331,674
0,178,225,444,331,674
0,179,219,447,331,675
0,180,213,451,331,675
0,181,208,456,331,675
0,182,204,460,331,676
0,183,200,463,330,676
0,184,198,465,330,676
0,185,198,466,330,676
0,186,202,466,330,676
0,187,208,467,330,676
0,188,214,467,330,676
0,189,219,467,331,676
0,190,225,467,332,676
0,191,224,466,333,677
0,192,213,466,334,677
0,193,208,465,335,677
0,194,210,465,335,677
0,195,216,465,336,677
0,196,219,466,335,678
0,197,213,466,334,678
0,198,210,467,332,678
0,199,212,468,331,678
0,200,220,469,330,678
0,201,232,469,329,679
0,202,236,468,329,679
0,203,236,467,330,679
0,204,238,466,331,679
0,205,244,466,333,679
0,206,245,466,337,678
0,207,240,466,340,678
0,208,237,467,344,678
0,209,239,468,347,677
0,210,248,470,350,677
0,211,245,472,352,677
0,212,242,474,354,677
0,213,241,475,355,676
0,214,241,475,355,676
0,215,244,475,356,676
0,216,248,474,355,676
0,217,254,472,354,676
0,218,254,471,352,676
0,219,255,470,350,677
0,220,256,469,347,677
0,221,259,469,345,677
0,222,260,469,342,677
0,223,257,469,341,676
0,224,254,468,341,676
0,225,253,467,342,676
0,226,254,467,343,676
0,227,255,467,344,676
0,228,255,467,344,676
0,229,256,467,345,676
0,230,257,468,345,676
0,231,259,469,345,676
0,232,244,470,347,676
0,233,235,470,349,676
0,234,235,470,352,676
0,235,242,469,355,675
0,236,255,468,357,675
0,237,266,467,360,674
0,238,269,466,362,672
0,239,265,464,364,671
0,240,263,461,364,670
0,241,263,458,364,668
0,242,265,453,363,666
0,243,268,449,362,664
0,244,272,445,362,661
0,245,268,440,361,659
0,246,262,436,360,658
0,247,259,431,359,657
0,248,257,429,357,657
0,249,256,427,355,657
0,250,255,427,354,657
0,251,257,427,357,657
0,252,265,428,358,657
0,253,273,429,358,658
0,254,278,430,358,658
0,255,282,428,358,658
0,256,283,430,359,658
0,257,282,436,360,658
0,258,279,440,361,658
0,259,275,442,361,658
0,260,273,445,360,658
0,261,274,448,360,658
0,262,277,452,361,658
0,263,278,455,362,657
0,264,278,458,365,657
0,265,284,461,370,657
0,266,294,463,374,657
0,267,295,465,378,657
0,268,292,466,380,657
0,269,287,468,382,657
0,270,283,469,383,657
0,271,281,470,384,657
0,272,279,470,383,658
0,273,279,470,384,658
0,274,280,470,385,657
0,275,282,468,385,656
0,276,280,466,385,656
0,277,272,464,385,656
0,278,266,462,384,656
0,279,262,460,383,656
0,280,257,458,382,657
0,281,253,456,381,658
0,282,252,454,379,659
0,283,256,453,379,659
0,284,256,452,378,659
0,285,241,451,377,659
0,286,229,450,377,659
0,287,223,450,375,659
0,288,225,449,374,658
0,289,232,448,371,657
0,290,244,446,378,660
0,291,258,445,389,663
0,292,270,443,394,666
0,293,274,442,395,668
0,294,277,441,396,670
0,295,281,440,400,671
0,296,284,440,410,672
0,297,286,440,420,672
0,298,286,441,424,672
0,299,286,441,426,672
0,300,286,441,428,672
0,301,286,440,429,672
0,302,286,439,425,672
0,303,279,437,413,671
0,304,267,437,395,670
0,305,252,436,378,669
0,306,241,435,369,665
0,307,238,434,367,660
0,308,242,434,371,659
0,309,251,433,375,659
0,310,263,433,378,659
0,311,269,434,380,659
0,312,269,437,382,659
0,313,273,442,383,660
0,314,270,448,384,660
0,315,261,455,386,660
0,316,253,462,389,660
0,317,248,469,391,661
0,318,249,475,394,661
0,319,254,480,396,661
0,320,260,483,398,661
0,321,267,486,399,661
0,322,273,487,400,661
0,323,280,487,401,661
0,324,285,485,401,661
0,325,289,482,402,661
0,326,295,477,401,661
0,327,302,473,399,661
0,328,297,468,397,661
0,329,296,464,394,661
0,330,299,460,391,661
0,331,301,456,388,661
0,332,304,453,386,660
0,333,308,450,384,660
0,334,311,447,383,660
0,335,313,444,383,660
0,336,314,441,383,660
0,337,315,438,382,659
0,338,314,436,382,659
0,339,311,434,382,659
0,340,309,433,383,659
0,341,308,432,384,659
0,342,308,431,385,659
0,343,309,431,386,659
0,344,308,431,388,658
0,345,305,431,389,658
0,346,303,433,390,657
0,347,303,435,390,657
0,348,306,437,391,658
0,349,310,440,391,658
0,350,316,442,391,658
0,351,314,443,394,658
0,352,312,443,397,659
0,353,312,442,400,660
0,354,313,440,401,660
0,355,313,438,401,660
0,356,314,437,402,660
0,357,314,435,402,660
0,358,314,433,402,660
0,359,314,432,402,660
0,360,314,430,402,660
0,361,306,429,402,660
0,362,298,428,403,660
0,363,292,428,405,661
0,364,288,427,408,662
0,365,285,426,413,664
0,366,283,425,420,665
0,367,281,425,427,665
0,368,280,426,432,666
0,369,280,426,432,666
0,370,280,427,425,667
0,371,268,428,413,668
0,372,253,430,393,668
0,373,243,431,370,668
0,374,237,432,370,668
0,375,236,433,370,669
0,376,241,435,370,669
0,377,249,436,369,669
0,378,258,437,368,669
0,379,266,439,367,669
0,380,272,440,365,669
0,381,274,441,364,669
0,382,277,443,363,670
0,383,277,444,362,670
0,384,277,446,362,670
0,385,276,448,363,670
0,386,276,450,363,670
0,387,275,451,364,670
0,388,275,451,365,670
0,389,272,452,364,670
0,390,268,452,362,670
0,391,263,453,368,670
0,392,258,453,373,670
0,393,254,453,376,670
0,394,253,453,379,670
0,395,254,453,378,670
0,396,258,452,370,670
0,397,262,450,361,670
0,398,269,448,358,670
0,399,275,446,351,670
0,400,248,444,347,671
0,401,222,442,350,672
0,402,209,441,352,673
0,403,208,439,353,673
0,404,215,438,353,673
0,405,223,437,351,673
0,406,213,436,349,674
0,407,206,435,347,673
0,408,203,434,345,673
0,409,201,433,343,673
0,410,201,433,340,673
0,411,202,434,337,673
0,412,202,435,334,673
0,413,202,437,333,673
0,414,202,441,332,673
0,415,202,445,332,673
0,416,201,450,333,674
0,417,201,455,333,675
0,418,200,462,332,676
0,419,200,468,331,676
0,420,200,473,328,676
0,421,200,476,326,676
0,422,199,477,326,676
0,423,199,475,327,677
0,424,199,470,327,677
0,425,199,463,328,676
0,426,199,456,328,676
0,427,199,450,329,676
0,428,199,445,327,676
0,429,199,444,325,676
0,430,199,444,321,676
0,431,199,447,317,676
0,432,199,452,317,676
0,433,199,459,317,677
0,434,196,466,317,677
0,435,185,472,317,677
0,436,174,478,317,677
0,437,165,482,323,677
0,438,164,485,336,677
0,439,173,485,343,677
0,440,188,482,341,677
0,441,198,478,331,677
0,442,190,472,317,677
0,443,184,465,317,676
0,444,182,457,318,676
0,445,181,451,317,675
0,446,182,444,314,675
0,447,173,439,307,674
0,448,161,435,298,674
0,449,154,432,286,673
0,450,150,430,273,673
1,90,496,426,526,504
1,91,496,425,526,504
1,92,497,425,527,504
1,93,495,425,525,505
1,94,494,426,525,504
1,95,491,428,528,503
1,96,490,428,529,503
1,97,490,428,529,503
1,98,491,428,528,504
1,99,490,428,528,504
1,100,490,427,527,504
1,101,490,427,525,504
1,102,492,427,521,504
1,103,492,427,521,504
1,104,492,428,521,504
1,105,490,428,520,504
1,106,489,427,520,504
1,107,488,426,519,504
1,108,487,424,518,504
1,109,486,423,518,504
1,110,485,423,518,503
1,111,485,423,517,503
1,112,485,423,517,504
1,113,486,424,517,504
1,114,487,425,517,504
1,115,487,425,516,504
1,116,488,425,516,504
1,117,490,426,515,504
1,118,490,426,514,503
1,119,491,427,514,503
1,120,491,428,513,503
1,121,490,428,513,503
1,122,490,428,513,503
1,123,489,427,513,503
1,124,488,426,514,503
1,125,484,426,519,503
1,126,480,425,524,503
1,127,478,425,528,504
1,128,477,426,531,504
1,129,476,427,532,505
1,130,476,427,531,505
1,131,477,427,530,505
1,132,478,426,527,504
1,133,479,426,522,504
1,134,480,426,517,503
1,135,481,426,513,503
1,136,484,427,511,503
1,137,486,427,511,503
1,138,488,427,512,503
1,139,488,426,513,503
1,140,489,425,513,503
1,141,490,424,512,502
1,142,490,423,513,502
1,143,491,423,513,502
1,144,492,424,513,502
1,145,493,425,513,503
1,146,493,425,514,503
1,147,493,426,515,503
1,148,494,426,516,503
1,149,494,426,517,504
1,150,494,426,517,503
1,151,494,426,517,504
1,152,493,427,517,504
1,153,493,428,517,504
1,154,493,428,518,504
1,155,493,429,519,504
1,156,494,428,519,504
1,157,494,428,522,504
1,158,493,427,525,503
1,159,493,427,525,503
1,160,493,427,527,503
1,161,492,427,528,503
1,162,491,428,528,503
1,163,490,428,529,503
1,164,490,428,529,503
1,165,491,428,528,504
1,166,490,428,528,504
1,167,490,427,527,504
1,168,490,427,525,504
1,169,492,427,521,504
1,170,492,427,521,504
1,171,492,428,521,504
1,172,490,428,520,504
1,173,489,427,520,504
1,174,488,426,519,504
1,175,487,424,518,504
1,176,486,423,518,504
1,177,485,423,518,503
1,178,485,423,517,503
1,179,485,423,517,504
1,180,486,424,517,504
1,181,487,425,517,504
1,182,487,425,516,504
1,183,488,425,516,504
1,184,490,426,515,504
1,185,490,426,514,503
1,186,491,427,514,503
1,187,491,428,513,503
1,188,490,428,513,503
1,189,490,428,513,503
1,190,489,427,513,503
1,191,488,426,514,503
1,192,484,426,519,503
1,193,480,425,524,503
1,194,478,425,528,504
1,195,477,426,531,504
1,196,476,427,532,505
1,197,476,427,531,505
1,198,477,427,530,505
1,199,478,426,527,504
1,200,479,426,522,504
1,201,480,426,517,503
1,202,481,426,513,503
1,203,484,427,511,503
1,204,486,427,511,503
1,205,488,427,512,503
1,206,488,426,513,503
1,207,489,425,513,503
1,208,490,424,512,502
1,209,490,423,513,502
1,210,491,423,513,502
1,211,492,424,513,502
1,212,493,425,513,503
1,213,493,425,514,503
1,214,493,426,515,503
1,215,494,426,516,503
1,216,494,426,517,504
1,217,494,426,517,503
1,218,494,426,517,504
1,219,493,427,517,504
1,220,493,428,517,504
1,221,493,428,518,504
1,222,493,429,519,504
1,223,494,428,519,504
1,224,494,428,522,504
1,225,493,427,525,503
1,226,497,423,527,505
1,227,498,423,527,505
1,228,498,423,527,505
2,288,525,424,558,515
2,289,522,427,562,514
2,290,520,428,563,514
2,291,519,428,563,514
2,292,519,428,563,514
2,293,520,428,562,514
2,294,519,428,562,514
2,295,519,427,561,514
2,296,520,427,559,514
2,297,521,427,555,514
2,298,522,427,554,514
2,299,521,428,554,515
2,300,519,427,553,515
2,301,518,427,552,515
2,302,517,425,551,515
2,303,516,424,551,514
2,304,515,423,550,514
2,305,514,422,550,514
2,306,513,422,550,514
2,307,514,423,550,514
2,308,515,424,549,514
2,309,516,424,549,514
2,310,516,425,548,514
2,311,517,425,548,514
2,312,519,425,547,514
2,313,520,426,546,514
2,314,520,427,546,513
2,315,520,428,546,513
2,316,520,428,546,513
2,317,520,428,546,513
2,318,518,427,545,513
2,319,517,426,547,513
2,320,512,425,553,513
2,321,509,425,558,514
2,322,507,425,563,514
2,323,506,426,565,515
2,324,507,426,567,513
2,325,507,427,566,513
2,326,506,427,565,515
2,327,506,426,562,515
2,328,507,426,556,514
2,329,509,426,550,513
2,330,511,426,545,513
2,331,512,427,543,513
2,332,515,427,543,513
2,333,517,427,544,513
2,334,518,426,545,513
2,335,518,425,545,513
2,336,519,424,545,512
2,337,520,423,545,512
2,338,521,423,545,512
2,339,522,423,545,513
2,340,522,424,546,513
2,341,523,425,546,513
2,342,523,425,547,513
2,343,524,425,549,514
2,344,524,426,550,514
2,345,524,426,550,514
2,346,523,426,550,514
2,347,523,427,550,514
2,348,522,428,550,515
2,349,523,428,551,515
2,350,523,429,552,514
2,351,524,428,552,514
2,352,525,428,555,514
2,353,524,427,559,514
2,354,525,427,559,514
2,355,522,427,561,514
2,356,522,427,562,514
2,357,521,428,563,514
2,358,521,428,563,514
2,359,521,428,563,514
2,360,520,428,562,514
2,361,519,428,562,514
2,362,519,427,561,514
2,363,520,427,559,514
2,364,523,427,555,514
2,365,523,427,554,514
2,366,523,428,554,515
2,367,520,427,553,515
2,368,519,427,552,515
2,369,518,425,551,515
2,370,517,424,551,514
2,371,516,423,550,514
2,372,515,422,550,514
2,373,514,422,550,514
2,374,515,423,550,514
2,375,516,424,549,514
2,376,517,424,549,514
2,377,518,425,548,514
2,378,519,425,548,514
2,379,521,425,547,514
2,380,521,426,546,514
2,381,521,427,546,513
2,382,521,428,546,513
2,383,521,428,546,513
2,384,521,428,546,513
2,385,520,427,545,513
2,386,517,426,547,513
2,387,512,425,553,513
2,388,508,425,558,514
2,389,506,425,563,514
2,390,504,426,565,515
2,391,504,426,567,515
2,392,504,427,566,515
2,393,505,427,565,515
2,394,506,426,562,515
2,395,507,426,556,514
2,396,508,426,550,513
2,397,510,426,545,513
2,398,512,427,543,513
2,399,516,427,543,513
2,400,517,427,544,513
2,401,519,426,545,513
2,402,520,425,545,513
2,403,520,424,545,512
2,404,521,423,545,512
2,405,523,423,545,512
2,406,523,423,545,513
2,407,524,424,546,513
2,408,524,425,546,513
2,409,525,425,547,513
2,410,525,425,549,514
2,411,525,426,550,514
2,412,525,426,550,514
2,413,523,426,550,514
2,414,523,427,550,514
2,415,522,428,550,515
2,416,523,428,551,515
2,417,523,429,552,514
2,418,524,428,552,514
2,419,525,428,555,514
2,420,524,427,559,514
2,421,529,423,562,515
