0,90,557,163,667,482
0,91,559,162,676,480
0,92,560,161,683,476
0,93,560,161,690,475
0,94,558,163,693,474
0,95,558,167,689,474
0,96,558,170,680,474
0,97,560,175,675,475
0,98,561,179,676,475
0,99,563,182,676,474
0,100,564,183,669,474
0,101,563,180,665,474
0,102,562,175,661,474
0,103,560,169,658,474
0,104,557,163,655,473
0,105,552,159,656,470
0,106,548,157,664,470
0,107,549,157,672,469
0,108,553,159,677,471
0,109,555,161,678,473
0,110,560,163,675,475
0,111,563,164,671,476
0,112,562,164,668,474
0,113,559,163,669,470
0,114,555,165,670,469
0,115,550,168,667,469
0,116,547,173,662,468
0,117,550,178,657,468
0,118,557,180,652,469
0,119,556,180,648,471
0,120,558,177,647,472
0,121,565,172,647,471
0,122,568,166,649,468
0,123,569,161,651,466
0,124,563,158,657,469
0,125,555,157,662,470
0,126,548,159,666,470
0,127,546,162,665,470
0,128,548,165,664,473
0,129,548,166,663,473
0,130,549,166,662,473
0,131,545,166,663,473
0,132,542,166,667,473
0,133,542,168,668,473
0,134,544,172,665,473
0,135,549,176,659,473
0,136,554,180,651,473
0,137,560,181,647,473
0,138,564,179,647,473
0,139,566,175,648,473
0,140,565,170,648,472
0,141,562,164,650,467
0,142,558,158,658,465
0,143,554,154,667,463
0,144,551,151,675,461
0,145,554,151,681,470
0,146,560,153,685,472
0,147,561,155,687,472
0,148,560,157,690,472
0,149,559,159,692,472
0,150,559,160,692,471
0,151,559,162,686,470
0,152,560,165,678,468
0,153,565,167,670,467
0,154,574,170,671,472
0,155,583,171,671,474
0,156,583,168,670,475
0,157,580,163,669,474
0,158,579,157,670,472
0,159,580,151,674,470
0,160,581,146,680,469
0,161,570,144,686,468
0,162,561,148,690,467
0,163,557,155,690,470
0,164,554,160,687,474
0,165,552,162,684,474
0,166,547,159,684,474
0,167,545,157,687,473
0,168,543,157,685,471
0,169,546,160,678,467
0,170,551,163,675,466
0,171,556,167,667,468
0,172,560,171,663,472
0,173,563,174,660,475
0,174,566,175,658,477
0,175,567,173,658,477
0,176,566,170,658,477
0,177,564,166,658,476
0,178,561,162,658,472
0,179,558,160,659,469
0,180,556,159,667,470
0,181,558,161,675,469
0,182,556,165,680,471
0,183,558,169,682,473
0,184,562,172,683,473
0,185,562,173,685,473
0,186,561,174,686,473
0,187,561,174,686,473
0,188,564,174,681,472
0,189,561,175,675,470
0,190,562,177,669,472
0,191,567,178,665,473
0,192,574,180,663,478
0,193,581,179,664,481
0,194,583,177,664,481
0,195,582,172,669,481
0,196,581,167,676,478
0,197,579,162,681,474
0,198,574,158,687,474
0,199,569,156,689,475
0,200,565,157,685,475
0,201,560,159,677,474
0,202,557,161,669,475
0,203,551,162,663,476
0,204,548,161,663,476
0,205,548,160,668,474
0,206,550,158,674,473
0,207,548,157,676,469
0,208,547,160,673,465
0,209,549,163,669,465
0,210,552,167,662,468
0,211,558,170,660,471
0,212,564,170,660,476
0,213,565,168,660,478
0,214,564,164,660,478
0,215,560,158,659,477
0,216,555,153,657,474
0,217,552,148,656,469
0,218,552,146,661,467
0,219,553,146,666,469
0,220,556,149,670,469
0,221,561,153,673,472
0,222,567,158,675,473
0,223,570,161,675,474
0,224,568,164,680,474
0,225,560,165,682,473
0,226,551,166,684,472
0,227,546,168,682,470
0,228,547,170,674,468
0,229,555,173,667,472
0,230,560,174,660,475
0,231,568,174,656,477
0,232,574,173,654,477
0,233,576,169,653,476
0,234,575,164,656,473
0,235,572,160,661,466
0,236,568,156,667,470
0,237,562,155,674,471
0,238,556,155,683,470
0,239,550,157,683,473
0,240,546,159,678,474
0,241,544,160,672,475
0,242,539,160,665,477
0,243,535,160,659,477
0,244,535,159,656,476
0,245,539,160,658,474
0,246,545,161,659,473
0,247,548,164,663,473
0,248,552,166,667,473
0,249,556,169,669,473
0,250,562,170,668,473
0,251,565,170,664,473
0,252,565,168,657,473
0,253,565,166,652,473
0,254,565,164,651,474
0,255,565,162,658,474
0,256,566,160,664,474
0,257,568,159,670,474
0,258,570,159,691,474
0,259,572,158,702,474
0,260,574,159,701,474
0,261,573,159,701,474
0,262,571,159,700,474
0,263,568,159,701,474
0,264,566,158,697,474
0,265,565,157,687,475
0,266,562,157,678,475
0,267,563,157,676,474
1,322,577,177,677,422
1,323,577,178,675,419
1,324,576,180,675,418
1,325,577,183,672,418
1,326,579,187,669,419
1,327,580,191,669,419
1,328,582,193,670,418
1,329,582,193,664,418
1,330,582,191,661,418
1,331,581,188,658,418
1,332,580,183,655,418
1,333,577,178,653,417
1,334,573,175,654,415
1,335,570,173,660,415
1,336,572,174,667,415
1,337,574,175,670,415
1,338,576,177,671,417
1,339,580,178,669,418
1,340,582,179,666,419
1,341,581,179,664,418
1,342,579,179,664,416
1,343,576,180,665,415
1,344,572,182,663,415
1,345,570,186,659,415
1,346,571,190,655,415
1,347,577,192,651,415
1,348,577,191,648,417
1,349,579,189,647,417
1,350,584,185,647,416
1,351,586,181,649,414
1,352,586,177,651,412
1,353,581,174,655,414
1,354,576,174,660,414
1,355,571,175,663,415
1,356,569,178,662,416
1,357,570,180,661,418
1,358,570,181,660,418
1,359,571,181,660,418
1,360,569,180,660,418
1,361,566,181,663,418
1,362,566,182,663,418
1,363,567,185,661,418
1,364,571,188,656,418
1,365,575,191,650,417
1,366,579,192,647,417
1,367,582,191,647,417
1,368,584,188,648,417
1,369,583,183,648,416
1,370,581,179,650,413
1,371,578,174,656,412
1,372,575,171,662,410
1,373,573,169,669,408
1,374,574,169,674,416
1,375,578,170,677,417
1,376,579,172,679,417
1,377,579,174,681,417
1,378,578,175,683,417
1,379,579,176,683,417
1,380,579,178,678,416
1,381,580,179,671,414
1,382,583,182,665,414
1,383,590,184,666,417
1,384,597,184,666,418
1,385,597,182,665,419
1,386,595,179,664,418
1,387,594,174,664,417
1,388,595,169,668,415
1,389,596,165,673,414
1,390,587,164,677,413
1,391,581,167,681,412
1,392,577,172,680,416
1,393,576,176,678,418
1,394,573,177,676,418
1,395,569,176,676,418
1,396,568,174,678,418
1,397,567,174,676,416
1,398,568,176,671,413
1,399,572,178,669,413
1,400,576,181,663,414
1,401,579,185,660,416
1,402,582,187,657,419
1,403,584,188,656,420
1,404,585,186,655,420
1,405,584,184,656,420
1,406,583,180,656,420
1,407,580,177,656,416
1,408,578,176,656,414
1,409,577,176,662,414
1,410,578,177,668,413
1,411,577,180,673,417
1,412,579,183,674,418
1,413,581,185,675,418
1,414,582,186,677,418
1,415,580,187,678,418
1,416,580,187,678,418
1,417,583,187,675,417
1,418,580,188,669,416
1,419,581,189,664,417
1,420,585,190,661,418
1,421,591,191,660,421
1,422,596,191,660,423
1,423,598,189,661,423
1,424,597,185,664,423
1,425,596,181,670,421
1,426,594,177,674,418
1,427,590,174,678,418
1,428,587,173,680,418
1,429,583,174,677,417
1,430,580,175,670,417
1,431,578,177,664,418
1,432,573,178,660,418
1,433,570,177,659,418
1,434,570,176,663,418
1,435,572,174,668,418
1,436,571,174,670,415
1,437,570,176,668,412
1,438,571,179,664,412
1,439,573,182,659,414
1,440,578,184,657,416
1,441,582,184,657,420
1,442,584,182,657,421
1,443,583,179,657,421
1,444,579,175,656,420
1,445,576,170,655,418
1,446,574,167,654,414
1,447,573,165,658,412
1,448,574,165,662,413
1,449,576,168,666,413
1,450,581,171,668,417
