0,170,0,313,77,424
0,171,0,280,106,417
0,172,0,183,135,411
0,173,0,191,164,434
0,174,0,200,194,631
0,175,0,213,224,640
0,176,0,227,252,649
0,177,0,247,277,699
0,178,0,268,304,698
0,179,0,291,329,698
0,180,0,315,352,698
0,181,0,342,395,698
0,182,0,365,433,698
0,183,0,383,469,699
0,184,0,395,506,696
0,185,0,417,543,702
0,186,0,450,578,710
0,187,0,448,615,713
0,188,0,442,651,712
0,189,0,438,680,713
0,190,7,442,705,715
0,191,20,463,720,706
0,192,36,523,722,697
0,193,53,505,725,696
0,194,68,497,733,697
0,195,83,499,742,701
0,196,97,508,748,705
0,197,104,517,751,711
0,198,110,531,753,720
0,199,116,550,755,720
0,200,128,575,756,720
0,201,144,579,758,720
0,202,150,579,759,720
0,203,150,579,759,720
0,204,150,579,759,720
0,205,150,579,759,720
0,206,150,579,759,720
0,207,150,579,759,720
0,208,150,579,759,720
0,209,150,579,759,720
0,210,150,579,759,720
0,211,150,579,758,720
0,212,150,580,758,720
0,213,150,580,758,720
0,214,150,580,758,720
0,215,150,580,758,720
0,216,150,580,758,720
0,217,150,580,758,720
0,218,150,580,758,720
0,219,151,580,758,720
0,220,151,580,758,720
0,221,151,580,758,720
0,222,151,580,758,720
0,223,151,580,758,720
0,224,151,580,758,720
0,225,151,580,757,720
0,226,151,580,757,720
0,227,151,580,757,720
0,228,151,580,757,720
0,229,151,580,757,720
0,230,151,580,757,720
0,231,151,580,757,720
0,232,151,580,757,720
0,233,151,580,756,720
0,234,151,580,756,720
0,235,151,580,756,720
0,236,150,580,756,720
0,237,150,580,756,720
0,238,150,580,756,720
0,239,150,580,756,720
0,240,150,580,756,720
0,241,150,580,755,720
0,242,150,581,755,720
0,243,150,581,755,720
0,244,150,581,755,720
0,245,150,581,755,720
0,246,150,581,755,720
0,247,150,581,755,720
0,248,149,581,755,720
0,249,149,581,755,720
0,250,149,581,755,720
0,251,149,581,755,720
0,252,149,581,755,720
0,253,149,581,755,720
0,254,149,582,754,720
0,255,149,582,754,720
0,256,149,582,754,720
0,257,148,582,754,720
0,258,148,582,754,720
0,259,148,582,754,720
0,260,148,582,754,720
0,261,148,582,754,720
0,262,148,582,754,720
0,263,148,582,754,720
0,264,148,583,754,720
0,265,147,583,754,720
0,266,147,583,754,720
0,267,147,583,754,720
0,268,147,583,754,720
0,269,147,583,754,720
0,270,147,584,754,720
0,271,147,584,754,720
0,272,147,584,754,720
0,273,147,584,754,720
0,274,147,584,754,720
0,275,147,584,754,720
0,276,147,585,754,720
0,277,146,585,754,720
0,278,146,585,754,720
0,279,146,585,754,720
0,280,146,585,754,720
0,281,146,586,755,720
0,282,145,586,755,720
0,283,145,586,755,720
0,284,145,586,755,720
0,285,145,586,755,720
0,286,144,587,755,720
0,287,144,587,755,720
0,288,144,587,755,720
0,289,143,587,755,720
0,290,143,587,754,720
0,291,143,587,754,720
0,292,142,587,754,720
0,293,142,587,754,720
0,294,142,587,754,720
0,295,141,587,754,720
0,296,141,588,754,720
0,297,141,588,754,720
0,298,140,588,754,720
0,299,140,588,754,720
0,300,140,588,754,720
0,301,139,588,754,720
0,302,139,588,754,720
0,303,139,588,754,720
0,304,138,588,754,720
0,305,138,588,754,720
0,306,138,588,754,720
0,307,137,588,754,720
0,308,137,588,754,720
0,309,137,588,754,720
0,310,136,588,754,720
0,311,136,588,754,720
0,312,136,588,753,720
0,313,135,588,753,720
0,314,135,588,753,720
0,315,135,588,753,720
0,316,134,588,753,720
0,317,134,588,753,720
0,318,134,588,753,720
0,319,134,588,753,720
0,320,133,588,753,720
0,321,133,588,753,720
0,322,133,588,753,720
0,323,132,588,753,720
0,324,132,588,753,720
0,325,132,588,753,720
0,326,132,588,753,720
0,327,132,588,753,720
0,328,131,588,753,720
0,329,131,588,753,720
0,330,131,588,753,720
0,331,131,588,753,720
0,332,131,588,753,720
0,333,131,588,753,720
0,334,130,588,753,720
0,335,130,587,753,720
0,336,130,587,753,720
0,337,130,587,753,720
0,338,130,587,753,720
0,339,130,587,753,720
0,340,130,587,753,720
0,341,130,587,753,720
0,342,130,587,753,720
0,343,130,587,753,720
0,344,130,587,753,720
0,345,129,587,753,720
0,346,129,587,753,720
0,347,129,587,753,720
0,348,129,587,753,720
0,349,129,587,752,720
0,350,129,587,752,720
0,351,129,587,752,720
0,352,129,587,752,720
0,353,129,587,752,720
0,354,129,587,752,720
0,355,129,587,752,720
0,356,129,587,752,720
0,357,129,587,752,720
0,358,129,586,752,720
0,359,129,586,752,720
0,360,129,586,752,720
0,361,129,586,752,720
0,362,129,586,752,720
0,363,129,586,752,720
0,364,129,586,752,720
0,365,129,586,752,720
0,366,129,586,752,720
0,367,129,586,752,720
0,368,129,586,752,720
0,369,129,586,752,720
0,370,129,586,752,720
0,371,129,586,752,720
0,372,129,586,751,720
0,373,129,586,751,720
0,374,129,586,751,720
0,375,129,586,751,720
0,376,129,586,751,720
0,377,129,586,751,720
0,378,129,586,751,720
0,379,129,586,751,720
0,380,129,586,751,720
0,381,129,586,751,720
0,382,129,586,751,720
0,383,129,586,751,720
0,384,129,586,751,720
0,385,129,586,751,720
0,386,129,586,751,720
0,387,129,586,751,720
0,388,129,586,751,720
0,389,129,586,751,720
0,390,130,586,751,720
0,391,130,586,751,720
0,392,130,586,751,720
0,393,130,586,751,720
0,394,130,586,751,720
0,395,130,586,751,720
0,396,130,586,751,720
0,397,130,586,751,720
0,398,130,586,751,720
0,399,130,586,751,720
0,400,130,586,751,720
0,401,130,586,751,720
0,402,130,586,751,720
0,403,130,586,751,720
0,404,130,586,751,720
0,405,130,586,751,720
0,406,130,586,751,720
0,407,130,586,751,720
0,408,130,586,751,720
0,409,130,586,751,720
0,410,130,586,751,720
0,411,130,586,751,720
0,412,130,586,751,720
0,413,130,586,751,720
0,414,130,586,751,720
0,415,130,586,751,720
0,416,130,586,751,720
0,417,130,586,751,720
0,418,130,586,751,720
0,419,130,586,751,720
0,420,130,586,751,720
0,421,130,586,751,720
0,422,130,586,751,720
0,423,130,586,751,720
0,424,130,586,751,720
0,425,130,586,751,720
0,426,130,586,751,720
0,427,130,586,751,720
0,428,130,586,751,720
0,429,130,586,751,720
0,430,130,586,751,720
0,431,130,586,751,720
0,432,130,586,752,720
0,433,130,586,752,720
0,434,130,586,752,720
0,435,130,586,752,720
0,436,130,586,752,720
0,437,130,585,752,720
0,438,130,585,752,720
0,439,130,585,752,720
0,440,130,585,752,720
0,441,130,585,752,720
0,442,130,585,752,720
0,443,130,585,752,720
0,444,130,585,752,720
0,445,130,585,752,720
0,446,130,585,752,720
0,447,130,585,752,720
0,448,130,585,752,720
0,449,130,585,752,720
0,450,130,585,752,720
1,260,205,231,321,560
1,261,198,236,323,559
1,262,193,241,325,559
1,263,189,247,327,559
1,264,186,252,329,559
1,265,183,257,330,558
1,266,181,262,331,558
1,267,180,266,333,558
1,268,180,270,334,558
1,269,181,274,336,558
1,270,183,278,337,558
1,271,185,281,338,558
1,272,186,284,339,558
1,273,188,287,340,558
1,274,190,290,341,558
1,275,191,292,342,558
1,276,193,294,343,558
1,277,195,296,343,558
1,278,197,297,344,558
1,279,198,299,345,558
1,280,200,300,346,558
1,281,202,301,346,558
1,282,204,301,347,558
1,283,205,302,347,558
1,284,207,302,348,558
1,285,209,303,349,558
1,286,210,303,349,558
1,287,212,304,350,558
1,288,214,305,351,558
1,289,216,305,351,558
1,290,218,306,352,558
1,291,220,306,353,558
1,292,222,306,354,558
1,293,224,307,355,558
1,294,226,307,356,558
1,295,228,307,358,558
1,296,230,307,359,558
1,297,232,308,361,558
1,298,234,308,362,558
1,299,236,309,364,558
1,300,237,309,366,558
1,301,238,309,367,558
1,302,238,310,369,558
1,303,238,310,371,558
1,304,238,311,373,558
1,305,238,312,375,558
1,306,238,313,377,558
1,307,239,314,380,557
1,308,239,315,382,557
1,309,239,317,385,557
1,310,239,318,389,556
1,311,240,320,392,556
1,312,240,322,396,556
1,313,240,324,400,555
1,314,241,327,405,555
1,315,241,330,410,555
1,316,242,333,415,555
1,317,242,336,420,555
1,318,243,339,426,555
1,319,244,343,432,555
1,320,245,347,438,555
1,321,245,352,445,555
1,322,247,357,452,555
1,323,247,363,460,555
1,324,249,369,468,555
1,325,250,376,476,555
1,326,251,384,484,555
1,327,253,393,493,554
1,328,254,402,501,554
1,329,256,412,511,552
1,330,258,421,523,551
1,331,259,428,537,551
1,332,261,436,551,549
1,333,262,442,563,548
1,334,264,449,573,546
1,335,266,451,581,544
1,336,268,447,587,544
1,337,270,442,592,548
1,338,273,438,597,549
1,339,275,436,601,552
1,340,278,435,603,560
1,341,280,435,606,567
1,342,281,436,608,573
1,343,282,438,609,575
1,344,283,440,610,578
1,345,283,443,610,579
1,346,282,446,611,580
1,347,281,450,611,580
1,348,279,455,611,579
1,349,276,461,611,579
1,350,273,468,611,579
1,351,270,476,611,578
1,352,267,478,610,578
1,353,265,478,610,578
1,354,264,478,609,578
1,355,263,479,608,577
1,356,262,479,608,577
1,357,261,480,607,577
1,358,260,481,606,578
1,359,259,482,605,579
1,360,258,483,605,580
1,361,258,485,604,582
1,362,257,486,604,583
1,363,257,485,603,585
1,364,257,485,603,587
1,365,257,485,603,588
1,366,257,485,604,588
1,367,258,485,604,589
1,368,258,485,604,589
1,369,258,485,604,589
1,370,258,485,604,589
1,371,259,485,604,589
1,372,259,486,605,589
1,373,259,486,605,589
1,374,259,486,605,589
1,375,259,486,605,589
1,376,259,486,605,589
1,377,259,486,605,589
1,378,258,486,605,589
1,379,258,486,605,589
1,380,258,486,605,589
1,381,257,486,605,589
1,382,257,486,605,589
1,383,257,486,605,589
1,384,257,486,605,589
1,385,257,486,605,589
1,386,257,486,605,589
1,387,257,485,605,589
1,388,257,485,605,589
1,389,257,485,605,589
1,390,257,485,605,589
1,391,257,485,605,589
1,392,257,485,605,589
1,393,257,485,605,589
1,394,257,485,605,589
1,395,257,485,605,589
1,396,257,485,605,589
1,397,257,485,605,589
1,398,257,485,605,589
1,399,257,485,605,589
1,400,257,485,605,589
1,401,257,485,605,589
1,402,257,485,605,589
1,403,257,485,605,589
1,404,257,485,605,589
1,405,257,485,605,589
1,406,257,485,605,589
1,407,257,485,605,589
1,408,257,485,605,589
1,409,257,485,605,589
1,410,257,485,605,589
1,411,257,485,605,589
1,412,257,486,605,589
1,413,257,486,605,589
1,414,257,486,605,589
1,415,257,486,605,589
1,416,257,486,605,589
1,417,257,486,605,589
1,418,257,486,605,589
1,419,257,486,605,589
1,420,257,486,605,589
1,421,257,486,605,589
1,422,257,486,605,589
1,423,257,486,605,589
1,424,257,486,605,589
1,425,257,486,605,589
1,426,257,486,605,589
1,427,257,486,605,589
1,428,257,486,605,589
1,429,257,486,605,589
1,430,257,486,605,589
1,431,257,486,605,589
1,432,257,485,605,589
1,433,257,485,605,589
1,434,257,485,605,589
1,435,257,485,605,589
1,436,257,485,605,589
1,437,257,485,605,589
1,438,257,485,605,589
1,439,257,485,605,589
1,440,257,485,605,589
1,441,257,485,605,589
1,442,257,486,605,589
1,443,257,486,605,589
1,444,257,486,605,589
1,445,257,486,605,589
1,446,257,486,605,589
1,447,257,486,605,589
1,448,257,486,605,589
1,449,257,486,605,589
1,450,257,486,605,589
