0,326,407,410,459,549
0,327,407,412,467,550
0,328,407,415,475,550
0,329,407,418,479,549
0,330,407,423,477,549
0,331,406,429,477,550
0,332,404,435,479,550
0,333,406,442,480,549
0,334,415,448,481,549
0,335,421,455,482,549
0,336,424,458,484,549
0,337,427,459,485,549
0,338,429,462,489,548
0,339,431,467,492,543
0,340,433,476,494,544
0,341,437,475,496,544
0,342,441,474,495,543
0,343,443,472,494,542
0,344,444,471,494,542
0,345,445,473,494,540
0,346,445,484,502,537
0,347,444,488,508,537
0,348,444,485,510,539
0,349,445,485,514,540
0,350,446,486,520,540
0,351,447,487,526,540
0,352,447,489,531,540
0,353,447,492,535,540
0,354,444,497,538,543
0,355,441,503,540,545
0,356,438,503,543,544
0,357,438,503,543,544
0,358,438,503,543,544
0,359,438,503,543,544
0,360,438,503,543,544
0,361,438,503,543,544
0,362,438,503,543,544
0,363,438,503,542,543
0,364,438,503,542,543
0,365,438,503,542,543
0,366,438,503,542,543
0,367,438,503,542,543
0,368,438,503,542,543
0,369,438,503,542,543
0,370,438,503,542,543
0,371,438,503,541,543
0,372,438,503,541,543
0,373,439,503,541,543
0,374,439,503,541,543
0,375,439,503,541,543
0,376,439,503,540,543
0,377,439,503,540,543
0,378,439,503,540,542
0,379,440,503,540,542
0,380,440,503,539,542
0,381,440,503,539,542
0,382,440,503,539,542
0,383,440,504,539,542
0,384,440,504,538,542
0,385,441,504,538,542
0,386,441,504,538,542
0,387,441,504,538,543
0,388,441,504,538,543
0,389,441,504,537,543
0,390,441,504,537,543
0,391,441,504,537,543
0,392,441,504,537,543
0,393,442,504,537,543
0,394,442,504,537,543
0,395,442,504,537,543
0,396,442,505,536,543
0,397,442,505,536,543
0,398,442,505,536,543
0,399,442,505,536,543
0,400,442,505,536,543
0,401,442,505,536,543
0,402,442,505,536,543
0,403,442,505,536,543
0,404,442,505,536,543
0,405,443,505,536,543
0,406,443,505,536,543
0,407,443,505,536,543
0,408,443,505,536,544
0,409,443,505,536,544
0,410,443,505,536,544
0,411,443,505,536,544
0,412,443,505,536,544
0,413,443,505,535,544
0,414,443,504,535,544
0,415,443,504,535,544
0,416,443,504,535,544
0,417,443,504,535,544
0,418,443,504,535,544
0,419,443,504,535,544
0,420,443,504,535,544
0,421,443,504,535,544
0,422,443,504,535,544
0,423,443,504,535,544
0,424,443,504,535,544
0,425,443,504,535,544
0,426,443,504,535,544
0,427,443,504,535,544
0,428,443,504,535,544
0,429,443,504,535,544
0,430,443,504,535,544
0,431,443,504,535,544
0,432,443,504,535,544
0,433,443,504,535,544
0,434,443,504,535,544
0,435,443,504,535,544
0,436,443,504,535,544
0,437,443,504,535,544
0,438,443,504,535,544
0,439,443,504,535,544
0,440,443,504,535,544
0,441,442,504,535,544
0,442,442,504,535,544
0,443,442,504,535,544
0,444,442,504,535,544
0,445,442,504,535,544
0,446,442,504,535,544
0,447,442,504,535,544
0,448,442,504,535,544
0,449,442,504,535,544
0,450,442,504,535,544
1,93,550,417,599,535
1,94,548,418,601,534
1,95,544,421,606,533
1,96,543,422,606,533
1,97,543,422,606,533
1,98,543,422,605,533
1,99,542,421,605,534
1,100,542,420,605,534
1,101,543,420,602,533
1,102,545,420,595,533
1,103,546,420,594,533
1,104,545,421,594,533
1,105,543,421,594,534
1,106,541,420,593,534
1,107,540,418,592,533
1,108,539,416,591,533
1,109,537,414,590,533
1,110,535,414,590,533
1,111,534,414,590,533
1,112,534,415,590,533
1,113,535,416,589,533
1,114,536,417,588,533
1,115,536,417,587,533
1,116,537,417,586,533
1,117,541,418,585,534
1,118,541,419,584,534
1,119,542,420,582,535
1,120,542,421,582,535
1,121,542,422,582,535
1,122,542,422,582,534
1,123,541,420,582,535
1,124,539,419,581,535
1,125,536,418,591,534
1,126,531,418,598,534
1,127,527,418,604,534
1,128,525,419,608,534
1,129,525,420,610,534
1,130,525,420,610,534
1,131,525,420,608,534
1,132,526,419,603,534
1,133,528,419,596,534
1,134,530,418,589,534
1,135,532,419,582,534
1,136,535,420,579,534
1,137,538,420,580,534
1,138,539,420,581,534
1,139,540,419,582,534
1,140,540,417,582,534
1,141,541,416,582,534
1,142,542,414,582,533
1,143,543,414,583,533
1,144,545,415,583,534
1,145,547,417,584,534
1,146,548,417,584,534
1,147,549,418,585,534
1,148,549,418,585,534
1,149,549,418,586,535
1,150,550,418,586,535
1,151,550,419,587,535
1,152,549,420,587,534
1,153,549,421,588,534
1,154,549,422,590,533
1,155,550,422,590,533
1,156,550,421,591,534
1,157,548,421,595,535
1,158,547,420,600,534
1,159,547,420,600,534
1,160,546,420,603,534
1,161,546,420,605,534
1,162,544,421,606,533
1,163,543,422,606,533
1,164,543,422,606,533
1,165,543,422,605,533
1,166,542,421,605,534
1,167,542,420,605,534
1,168,543,420,602,533
1,169,545,420,595,533
1,170,546,420,594,533
1,171,545,421,594,533
1,172,543,421,594,534
1,173,541,420,593,534
1,174,540,418,592,533
1,175,539,416,591,533
1,176,537,414,590,533
1,177,535,414,590,533
1,178,534,414,590,533
1,179,534,415,590,533
1,180,535,416,589,533
1,181,536,417,588,533
1,182,536,417,587,533
1,183,537,417,586,533
1,184,541,418,585,534
1,185,541,419,584,534
1,186,542,420,582,535
1,187,542,421,582,535
1,188,542,422,582,535
1,189,542,422,582,534
1,190,541,420,582,535
1,191,539,419,581,535
1,192,536,418,591,534
1,193,531,418,597,534
1,194,527,418,604,534
1,195,525,419,606,534
1,196,525,420,607,534
1,197,525,420,607,534
1,198,525,420,606,534
1,199,526,419,603,534
1,200,528,419,596,534
1,201,530,418,589,534
1,202,532,419,582,534
1,203,535,420,579,534
1,204,538,420,580,534
1,205,539,420,581,534
1,206,540,419,582,534
1,207,540,417,582,534
1,208,541,416,582,534
1,209,542,414,582,533
1,210,543,414,583,533
1,211,545,415,583,534
1,212,547,417,584,534
1,213,548,417,584,534
1,214,549,418,585,534
1,215,549,418,585,534
1,216,549,418,586,535
1,217,550,418,586,535
1,218,550,419,587,535
1,219,549,420,587,534
1,220,549,421,588,534
1,221,549,422,590,533
1,222,550,422,590,533
1,223,550,421,591,534
1,224,548,421,595,535
1,225,547,420,600,534
1,226,553,414,600,534
1,227,553,414,601,534
1,228,553,414,600,534
2,288,567,406,627,552
2,289,563,410,637,551
2,290,561,411,638,551
2,291,560,412,638,551
2,292,560,412,638,551
2,293,560,412,637,551
2,294,559,411,636,551
2,295,558,410,636,551
2,296,560,409,633,551
2,297,562,409,624,551
2,298,563,410,623,551
2,299,562,411,623,551
2,300,559,411,622,551
2,301,557,410,621,551
2,302,556,407,619,551
2,303,554,405,618,551
2,304,552,403,618,550
2,305,550,402,617,550
2,306,549,402,617,550
2,307,549,403,617,551
2,308,550,405,616,550
2,309,551,406,615,550
2,310,551,406,614,550
2,311,553,406,613,550
2,312,557,407,611,551
2,313,558,408,610,552
2,314,558,410,608,552
2,315,559,411,608,552
2,316,558,412,608,552
2,317,558,412,608,552
2,318,557,410,607,552
2,319,555,409,608,552
2,320,551,408,620,552
2,321,544,407,628,552
2,322,540,407,636,551
2,323,537,409,641,551
2,324,537,409,643,551
2,325,537,410,643,551
2,326,538,410,640,551
2,327,539,409,635,551
2,328,542,408,626,551
2,329,543,408,616,552
2,330,546,408,608,552
2,331,550,409,605,552
2,332,554,410,605,552
2,333,555,409,607,552
2,334,556,408,608,552
2,335,556,406,608,551
2,336,557,404,608,551
2,337,558,403,608,551
2,338,560,403,609,551
2,339,563,404,609,551
2,340,564,406,610,551
2,341,566,407,611,552
2,342,567,407,611,552
2,343,567,408,612,552
2,344,567,408,612,552
2,345,568,408,613,552
2,346,569,408,614,553
2,347,567,410,615,552
2,348,567,411,616,551
2,349,568,412,617,551
2,350,568,412,618,551
2,351,569,411,619,551
2,352,567,410,625,552
2,353,566,410,630,552
2,354,566,410,630,552
2,355,565,409,634,551
2,356,565,410,637,551
2,357,562,411,638,551
2,358,562,412,638,551
2,359,562,412,638,551
2,360,560,412,637,551
2,361,560,411,636,551
2,362,560,410,636,551
2,363,561,409,633,551
2,364,563,409,624,551
2,365,564,410,623,551
2,366,563,411,623,551
2,367,561,411,622,551
2,368,558,410,621,551
2,369,557,407,619,551
2,370,554,405,618,551
2,371,552,403,618,550
2,372,550,402,617,550
2,373,549,402,617,550
2,374,549,403,617,551
2,375,550,405,616,550
2,376,551,406,615,550
2,377,551,406,614,550
2,378,553,406,613,550
2,379,557,407,611,551
2,380,558,408,610,552
2,381,558,410,608,552
2,382,559,411,608,552
2,383,558,412,608,552
2,384,558,412,608,552
2,385,557,410,607,552
2,386,556,409,608,552
2,387,551,408,620,552
2,388,544,407,628,552
2,389,540,407,636,551
2,390,537,409,641,551
2,391,537,409,643,551
2,392,537,410,643,551
2,393,538,410,640,551
2,394,539,409,635,551
2,395,542,408,626,551
2,396,543,408,616,552
2,397,546,408,608,552
2,398,550,409,605,552
2,399,554,410,605,552
2,400,556,409,607,552
2,401,557,408,608,552
2,402,557,406,608,551
2,403,559,404,608,551
2,404,560,403,608,551
2,405,561,403,609,551
2,406,563,404,609,551
2,407,564,406,610,551
2,408,566,407,611,552
2,409,567,407,611,552
2,410,567,408,612,552
2,411,567,408,612,552
2,412,568,408,613,552
2,413,568,408,614,553
2,414,567,410,615,552
2,415,567,411,616,551
2,416,568,412,617,551
2,417,568,412,618,551
2,418,568,411,619,551
2,419,567,410,625,552
2,420,566,410,630,552
