0,189,1005,341,1152,720
0,190,982,332,1152,720
0,191,962,329,1152,720
0,192,949,332,1152,720
0,193,942,337,1152,720
0,194,940,343,1152,720
0,195,940,351,1152,720
0,196,944,360,1152,720
0,197,949,367,1152,720
0,198,948,377,1152,720
0,199,949,389,1137,719
0,200,957,403,1121,709
0,201,960,410,1104,698
0,202,961,411,1084,683
0,203,957,406,1067,669
0,204,947,398,1057,658
0,205,941,390,1055,658
0,206,940,390,1055,660
0,207,923,376,1048,660
0,208,906,363,1041,656
0,209,889,351,1038,651
0,210,875,344,1050,644
0,211,864,342,1059,636
0,212,858,344,1063,633
0,213,855,346,1066,632
0,214,856,351,1066,632
0,215,859,356,1061,632
0,216,863,363,1051,631
0,217,867,370,1034,630
0,218,865,377,1018,629
0,219,866,387,1003,625
0,220,871,397,993,620
0,221,875,403,982,614
0,222,876,403,970,606
0,223,873,400,959,597
0,224,865,393,951,593
0,225,860,387,948,593
0,226,860,387,948,594
0,227,847,377,944,594
0,228,835,366,943,592
0,229,824,357,941,588
0,230,814,351,952,584
0,231,807,349,959,580
0,232,804,351,963,577
0,233,803,353,966,577
0,234,805,356,967,577
0,235,808,361,964,577
0,236,813,366,957,577
0,237,815,371,946,576
0,238,813,377,933,575
0,239,814,385,922,572
0,240,818,394,915,568
0,241,822,399,908,565
0,242,823,399,899,560
0,243,820,396,890,554
0,244,814,391,885,553
0,245,810,386,882,553
0,246,810,386,882,553
0,247,800,377,881,553
0,248,791,368,880,552
0,249,782,360,879,549
0,250,775,355,888,546
0,251,770,354,894,544
0,252,768,355,898,542
0,253,768,357,901,542
0,254,771,360,902,542
0,255,774,363,900,542
0,256,778,368,895,541
0,257,780,372,886,541
0,258,778,377,877,540
0,259,779,384,868,538
0,260,782,391,863,535
0,261,786,395,857,533
0,262,786,396,851,529
0,263,784,393,843,525
0,264,779,389,840,525
0,265,775,384,837,525
0,266,775,384,838,526
0,267,768,377,836,526
0,268,760,370,836,524
0,269,754,363,836,522
0,270,748,359,843,520
0,271,744,357,849,519
0,272,743,358,852,516
0,273,743,360,855,515
0,274,746,362,856,508
0,275,749,365,855,502
0,276,753,369,851,499
0,277,754,373,844,498
0,278,753,377,836,500
0,279,753,383,829,505
0,280,756,389,825,503
0,281,760,393,821,500
0,282,760,393,816,498
0,283,758,391,809,494
0,284,754,387,807,492
0,285,751,384,805,492
0,286,751,384,805,490
0,287,744,377,804,489
0,288,738,371,804,489
0,289,732,365,804,487
0,290,728,361,811,485
0,291,725,360,816,482
0,292,724,361,819,480
0,293,725,362,821,478
0,294,727,364,822,478
0,295,730,367,821,477
0,296,734,370,818,477
0,297,735,374,813,478
0,298,734,377,806,479
0,299,734,382,800,481
0,300,737,388,797,483
0,301,740,391,793,488
0,302,740,391,789,491
0,303,739,389,784,489
0,304,735,386,782,487
0,305,732,383,780,486
0,306,732,383,780,487
0,307,726,377,780,487
0,308,721,372,780,486
0,309,716,366,780,486
0,310,712,363,786,486
0,311,710,362,790,486
0,312,709,363,793,485
0,313,710,364,795,484
0,314,713,366,796,482
0,315,716,368,796,479
0,316,719,371,793,469
0,317,719,374,788,469
0,318,719,377,783,479
0,319,719,382,777,478
0,320,721,387,775,478
0,321,724,390,772,478
0,322,724,390,768,478
0,323,723,388,764,478
0,324,720,385,762,478
0,325,717,382,760,478
0,326,717,382,761,478
0,327,712,377,760,478
0,328,708,372,760,473
0,329,704,367,761,473
0,330,702,364,766,473
0,331,701,364,770,460
0,332,701,364,773,462
0,333,700,365,775,461
0,334,702,367,776,463
0,335,705,369,775,460
0,336,707,372,773,457
0,337,709,375,769,456
0,338,713,377,764,451
0,339,715,382,759,450
0,340,717,386,757,447
0,341,719,389,755,441
0,342,720,389,751,437
0,343,720,387,748,434
0,344,719,384,746,432
0,345,718,382,744,428
0,346,721,382,745,425
0,347,718,377,744,421
0,348,715,373,745,421
0,349,714,368,745,424
0,350,711,366,750,422
0,351,709,365,753,420
0,352,706,365,756,417
0,353,705,366,758,417
0,354,705,368,759,418
0,355,705,370,758,419
0,356,707,372,756,419
0,357,709,375,753,421
0,358,712,377,749,421
0,359,715,381,745,422
0,360,716,385,743,424
0,361,716,388,740,427
0,362,715,388,738,429
0,363,712,386,734,429
0,364,709,384,732,423
0,365,708,382,731,422
0,366,708,381,732,422
0,367,706,377,731,420
0,368,704,373,732,421
0,369,701,369,732,421
0,370,698,367,737,418
0,371,694,366,740,418
0,372,691,366,742,420
0,373,688,367,744,423
0,374,687,369,745,426
0,375,687,371,744,430
0,376,689,373,743,440
0,377,690,375,740,457
0,378,690,377,736,453
0,379,689,381,732,456
0,380,690,385,730,455
0,381,692,387,728,454
0,382,693,387,726,454
0,383,692,386,723,454
0,384,694,384,721,454
0,385,694,381,720,454
0,386,696,381,721,454
0,387,696,377,720,454
0,388,694,373,721,454
0,389,693,370,721,453
0,390,691,368,725,452
0,391,690,367,728,452
0,392,688,367,731,451
0,393,688,368,732,450
0,394,688,369,733,448
0,395,690,371,733,446
0,396,693,373,731,445
0,397,694,375,729,424
0,398,698,377,725,411
0,399,698,381,722,414
0,400,698,384,720,417
0,401,698,386,718,420
0,402,697,386,716,421
0,403,696,385,713,422
0,404,694,383,712,421
0,405,693,381,711,419
0,406,694,381,711,420
0,407,693,377,711,413
0,408,692,374,712,410
0,409,690,370,712,414
0,410,689,368,716,413
0,411,689,368,719,411
0,412,690,368,721,409
0,413,691,369,722,407
0,414,692,370,723,405
0,415,692,372,723,404
0,416,694,373,722,405
0,417,695,375,719,407
0,418,701,388,711,396
0,419,698,381,701,388
0,420,696,438,698,443
0,421,696,436,699,443
0,422,695,432,699,443
0,423,694,425,699,443
0,424,693,424,699,443
0,425,693,421,699,443
0,426,693,422,699,443
0,427,692,421,698,443
0,428,696,385,704,402
0,429,688,371,704,405
0,430,686,369,708,410
0,431,685,369,710,408
0,432,685,369,712,407
0,433,685,369,714,405
0,434,685,371,714,405
0,435,684,372,714,406
0,436,683,374,713,409
0,437,682,375,711,410
0,438,682,377,708,411
0,439,683,380,705,413
0,440,683,383,704,413
0,441,682,385,702,414
0,442,682,385,700,416
0,443,681,384,698,416
0,444,680,382,697,416
0,445,679,381,696,417
0,446,678,381,696,418
0,447,677,377,696,439
0,448,676,374,697,439
0,449,675,371,697,418
0,450,673,370,700,418
1,0,460,380,493,447
1,1,460,376,493,447
1,2,458,372,494,448
1,3,456,369,494,448
1,4,453,367,494,448
1,5,449,366,494,449
1,6,446,366,494,449
1,7,444,367,494,449
1,8,443,368,493,450
1,9,442,370,492,450
1,10,442,372,490,450
1,11,443,374,489,451
1,12,444,376,489,452
1,13,446,379,489,453
1,14,447,383,488,453
1,15,447,385,487,453
1,16,447,386,487,453
1,17,448,384,486,453
1,18,450,382,487,453
1,19,450,380,489,453
1,20,450,379,489,452
1,21,449,375,491,452
1,22,447,371,491,453
1,23,447,367,490,453
1,24,446,365,489,454
1,25,445,364,488,454
1,26,445,365,487,454
1,27,444,365,486,454
1,28,444,367,485,455
1,29,444,368,484,456
1,30,447,370,481,454
1,31,446,373,481,454
1,32,445,375,481,454
1,33,448,379,480,454
1,34,456,391,479,454
1,35,457,392,478,455
1,36,457,392,478,455
1,37,457,390,477,456
1,38,445,388,458,459
1,39,445,389,458,459
1,40,445,390,459,459
1,41,446,391,459,459
1,42,446,392,459,459
1,43,446,392,470,460
1,44,447,391,470,461
1,45,447,391,470,461
1,46,448,391,470,461
1,47,448,391,470,461
1,48,449,391,470,461
1,49,449,391,470,461
1,50,450,391,470,461
1,51,450,391,471,461
1,52,451,391,470,461
1,53,451,391,470,461
1,54,452,394,469,461
1,55,453,396,468,462
1,56,420,388,435,430
1,57,426,389,436,416
1,58,455,396,466,419
1,59,428,391,438,420
1,60,429,391,439,422
1,61,421,375,440,440
1,62,419,370,440,428
1,63,416,365,443,426
1,64,411,363,445,423
1,65,407,362,446,422
1,66,403,362,446,423
1,67,400,363,444,424
1,68,398,364,439,427
1,69,396,366,444,471
1,70,396,369,444,472
1,71,396,372,445,473
1,72,398,375,445,474
1,73,401,379,445,475
1,74,401,384,445,476
1,75,401,387,446,476
1,76,401,387,448,476
1,77,402,385,450,476
1,78,404,383,436,476
1,79,404,380,437,476
1,80,404,380,437,475
1,81,402,374,446,476
1,82,400,369,444,477
1,83,397,364,443,477
1,84,392,361,443,478
1,85,387,360,443,479
1,86,382,360,444,479
1,87,378,361,444,479
1,88,376,363,443,481
1,89,375,365,443,482
1,90,374,368,443,479
1,91,374,371,443,479
1,92,376,374,443,479
1,93,379,379,442,479
1,94,379,385,441,479
1,95,379,388,439,480
1,96,379,388,438,481
1,97,379,386,436,482
1,98,381,383,437,483
1,99,381,380,440,485
1,100,381,380,440,484
1,101,380,374,443,487
1,102,377,368,446,488
1,103,373,362,448,489
1,104,367,359,449,490
1,105,362,358,448,491
1,106,356,358,444,491
1,107,352,359,439,491
1,108,350,361,431,491
1,109,348,364,426,491
1,110,346,367,425,491
1,111,346,370,425,491
1,112,348,374,425,491
1,113,351,379,424,490
1,114,351,385,417,476
1,115,351,389,412,473
1,116,350,390,410,474
1,117,351,388,412,475
1,118,352,384,416,475
1,119,352,380,420,476
1,120,352,380,419,476
1,121,350,374,423,478
1,122,347,367,426,479
1,123,343,360,428,482
1,124,336,356,429,484
1,125,330,355,427,488
1,126,325,355,423,507
1,127,320,356,416,507
1,128,317,359,406,511
1,129,315,362,401,512
1,130,311,365,396,513
1,131,311,369,392,515
1,132,313,373,392,518
1,133,317,380,392,520
1,134,316,387,390,520
1,135,316,391,385,520
1,136,315,392,382,520
1,137,314,389,384,520
1,138,316,385,388,520
1,139,316,381,393,520
1,140,316,381,393,520
1,141,313,373,396,521
1,142,309,365,400,523
1,143,303,358,402,524
1,144,295,353,402,526
1,145,287,351,400,527
1,146,280,353,394,527
1,147,274,354,385,529
1,148,270,357,374,533
1,149,267,359,369,535
1,150,264,363,370,537
1,151,263,368,370,540
1,152,264,373,370,542
1,153,267,380,368,546
1,154,266,388,366,546
1,155,265,394,363,546
1,156,263,394,359,546
1,157,262,391,354,546
1,158,262,386,351,546
1,159,263,381,357,546
1,160,262,381,357,546
1,161,259,372,361,547
1,162,255,362,364,550
1,163,247,353,365,552
1,164,238,348,366,554
1,165,229,346,362,555
1,166,220,346,354,556
1,167,212,348,342,558
1,168,207,351,328,564
1,169,203,355,326,568
1,170,199,360,327,570
1,171,196,365,327,575
1,172,196,372,327,578
1,173,199,381,325,584
1,174,197,391,322,584
1,175,194,397,317,584
1,176,189,398,312,584
1,177,187,395,304,584
1,178,187,388,299,584
1,179,187,382,305,584
1,180,187,382,305,583
1,181,182,371,309,585
1,182,177,359,312,590
1,183,166,347,312,593
1,184,155,340,312,596
1,185,143,338,306,597
1,186,131,339,295,600
1,187,121,340,277,603
1,188,114,344,262,610
1,189,108,349,263,617
1,190,102,355,263,622
1,191,95,362,264,629
1,192,93,370,264,634
1,193,95,382,261,643
1,194,87,395,256,643
1,195,75,403,249,643
1,196,66,404,240,643
1,197,62,400,228,643
1,198,59,392,216,643
1,199,59,383,225,643
1,200,59,383,225,642
1,201,55,369,228,647
1,202,50,353,231,655
1,203,36,338,229,660
1,204,21,328,226,664
1,205,5,325,214,666
1,206,0,326,196,671
1,207,0,328,167,679
1,208,0,332,159,689
1,209,0,339,160,702
1,210,0,349,161,697
1,211,0,367,161,666
1,212,0,413,162,666
1,213,0,424,158,666
1,214,0,436,150,670
1,215,0,449,137,678
1,216,0,455,120,689
1,217,0,450,98,704
1,218,0,490,72,720
1,219,0,438,84,530
1,220,0,498,47,720
1,221,0,430,85,519
1,222,0,420,83,504
1,223,0,414,76,493
1,224,0,409,64,484
1,225,0,409,40,478
2,0,268,482,364,607
2,1,268,481,366,605
2,2,268,479,367,605
2,3,269,477,366,606
2,4,271,476,365,606
2,5,271,475,367,606
2,6,271,473,369,606
2,7,269,472,373,606
2,8,268,471,375,606
2,9,267,470,378,606
2,10,266,469,380,606
2,11,266,469,382,606
2,12,265,469,383,606
2,13,265,470,384,606
2,14,264,472,386,606
2,15,264,473,388,606
2,16,263,475,389,606
2,17,264,477,389,605
2,18,265,478,389,605
2,19,267,479,390,605
2,20,269,480,392,604
2,21,271,481,393,603
2,22,274,482,393,602
2,23,277,484,393,600
2,24,279,484,393,599
2,25,281,484,393,597
2,26,283,483,393,595
2,27,285,481,393,593
2,28,288,479,393,591
2,29,291,477,393,590
2,30,294,475,393,591
2,31,296,473,392,591
2,32,299,471,392,591
2,33,301,470,391,591
2,34,303,468,391,591
2,35,304,466,391,591
2,36,305,465,391,591
2,37,306,464,390,592
2,38,306,465,390,592
2,39,306,466,390,592
2,40,305,467,391,592
2,41,305,469,391,591
2,42,306,471,391,591
2,43,306,473,391,591
2,44,307,473,391,591
2,45,308,473,391,591
2,46,309,472,391,590
2,47,309,472,392,589
2,48,310,472,391,588
2,49,311,473,391,587
2,50,311,473,391,586
2,51,312,473,391,584
2,52,313,473,392,582
2,53,313,472,392,581
2,54,313,471,394,579
2,55,313,470,395,577
2,56,313,468,396,577
2,57,314,467,396,577
2,58,315,465,395,578
2,59,316,464,396,578
2,60,315,463,398,578
2,61,314,462,401,578
2,62,313,461,403,578
2,63,312,460,405,577
2,64,312,460,407,577
2,65,311,459,408,577
2,66,311,460,409,577
2,67,310,461,410,577
2,68,310,462,411,577
2,69,309,463,413,577
2,70,309,465,413,577
2,71,310,466,413,577
2,72,311,468,413,576
2,73,312,469,414,576
2,74,314,469,416,576
2,75,316,470,417,575
2,76,318,472,417,574
2,77,320,473,417,573
2,78,322,473,417,572
2,79,323,473,417,570
2,80,325,472,417,569
2,81,327,470,417,567
2,82,329,469,417,566
2,83,331,467,417,566
2,84,333,465,417,566
2,85,335,463,416,566
2,86,337,462,416,566
2,87,338,460,415,566
2,88,340,459,415,566
2,89,341,458,415,566
2,90,342,456,415,566
2,91,342,456,414,566
2,92,341,456,414,567
2,93,341,457,415,567
2,94,341,459,415,567
2,95,341,460,415,566
2,96,341,462,415,566
2,97,341,463,415,566
2,98,342,464,415,566
2,99,343,464,415,566
2,100,344,463,415,565
2,101,345,463,415,565
2,102,345,463,415,564
2,103,346,464,415,563
2,104,346,464,415,562
2,105,347,464,415,561
2,106,348,464,415,559
2,107,348,463,416,558
2,108,348,462,417,556
2,109,348,461,419,555
2,110,348,460,420,555
2,111,349,458,419,555
2,112,350,457,419,555
2,113,350,456,420,556
2,114,350,455,421,556
2,115,349,454,424,556
2,116,348,453,425,556
2,117,347,452,427,555
2,118,347,452,428,555
2,119,346,452,429,555
2,120,346,452,430,555
2,121,346,453,431,555
2,122,345,454,432,555
2,123,345,455,433,555
2,124,345,457,433,555
2,125,345,458,433,555
2,126,346,459,433,555
2,127,347,460,434,555
2,128,348,461,436,554
2,129,350,462,436,554
2,130,352,463,437,553
2,131,353,464,437,552
2,132,355,465,437,551
2,133,356,464,437,549
2,134,357,463,437,548
2,135,359,462,437,547
2,136,360,460,437,546
2,137,362,459,436,546
2,138,364,457,436,546
2,139,365,456,436,546
2,140,367,454,435,546
2,141,368,453,435,546
2,142,369,452,435,546
2,143,370,450,434,546
2,144,370,449,434,547
2,145,370,449,434,547
2,146,370,449,434,547
2,147,370,450,434,547
2,148,370,451,434,547
2,149,370,453,434,547
2,150,370,455,434,546
2,151,370,456,435,547
2,152,371,456,435,547
2,153,371,456,435,546
2,154,372,456,435,546
2,155,373,456,435,545
2,156,373,456,435,545
2,157,374,456,435,544
2,158,374,456,435,543
2,159,375,457,435,542
2,160,375,456,435,541
2,161,376,456,436,540
2,162,376,455,437,539
2,163,375,454,438,537
2,164,376,453,439,538
2,165,376,451,439,538
2,166,377,450,438,538
2,167,378,449,439,538
2,168,377,448,440,538
2,169,377,448,442,538
2,170,376,447,444,538
2,171,375,446,445,538
2,172,375,445,446,538
2,173,374,445,447,538
2,174,374,446,448,538
2,175,374,446,448,538
2,176,373,447,449,538
2,177,373,449,450,538
2,178,373,450,450,537
2,179,373,451,450,537
2,180,374,452,450,537
2,181,375,453,450,537
2,182,376,454,452,537
2,183,378,455,453,536
2,184,379,456,453,536
2,185,380,457,453,535
2,186,382,457,453,534
2,187,383,457,453,533
2,188,384,456,453,532
2,189,385,455,453,531
2,190,386,453,453,530
2,191,388,452,453,530
2,192,389,451,452,530
2,193,390,449,452,530
2,194,391,448,452,530
2,195,392,447,451,530
2,196,393,445,451,530
2,197,393,444,451,531
2,198,394,443,451,531
2,199,394,443,450,531
2,200,393,443,450,531
2,201,393,444,450,531
2,202,393,445,450,531
2,203,393,447,451,531
2,204,393,448,451,530
2,205,393,449,451,531
2,206,394,450,451,531
2,207,395,450,451,530
2,208,395,449,451,530
2,209,396,449,451,530
2,210,396,449,451,529
2,211,397,450,451,529
2,212,397,450,451,528
2,213,398,450,451,527
2,214,398,450,451,526
2,215,398,449,452,525
2,216,398,449,453,524
2,217,398,448,454,523
2,218,398,447,455,523
2,219,399,445,454,523
2,220,400,444,454,523
2,221,400,444,455,524
2,222,400,443,456,524
2,223,399,442,458,524
2,224,399,441,459,523
2,225,398,440,460,523
2,226,398,440,461,523
2,227,397,440,462,523
2,228,397,440,462,523
2,229,397,441,463,523
2,230,397,442,463,523
2,231,396,443,464,523
2,232,396,444,464,523
2,233,396,446,464,523
2,234,397,446,464,523
2,235,398,447,464,523
2,236,399,448,466,523
2,237,400,449,466,522
2,238,401,450,467,522
2,239,402,450,467,521
2,240,404,451,467,520
2,241,404,451,467,519
2,242,405,450,467,518
2,243,406,449,466,517
2,244,407,448,467,517
2,245,408,446,466,517
2,246,410,445,466,517
2,247,410,444,466,517
2,248,411,442,465,517
2,249,412,441,465,517
2,250,413,440,465,517
2,251,413,439,464,517
2,252,413,438,464,517
2,253,413,438,464,518
2,254,413,438,464,518
2,255,413,439,464,518
2,256,412,440,464,518
2,257,412,442,464,517
2,258,413,443,464,517
2,259,413,444,465,517
2,260,413,444,465,517
2,261,414,444,465,517
2,262,414,444,465,517
2,263,415,444,465,517
2,264,415,444,465,516
2,265,416,444,465,516
2,266,416,445,465,515
2,267,417,445,465,514
2,268,417,445,465,514
2,269,417,444,466,513
2,270,417,443,467,512
2,271,417,442,468,511
2,272,417,441,468,511
2,273,418,440,468,511
2,274,419,439,467,511
2,275,419,439,468,512
2,276,419,438,469,512
2,277,418,437,471,511
2,278,418,437,472,511
2,279,417,436,473,511
2,280,417,435,474,511
2,281,417,435,474,511
2,282,416,436,475,511
2,283,416,436,475,511
2,284,416,437,476,511
2,285,416,438,476,511
2,286,415,440,476,511
2,287,416,441,476,511
2,288,416,441,476,511
2,289,417,442,476,511
2,290,418,443,477,511
2,291,419,443,478,510
2,292,420,444,478,510
2,293,421,445,478,509
2,294,422,446,478,508
2,295,423,446,478,508
2,296,423,445,478,507
2,297,424,444,478,506
2,298,425,443,478,506
2,299,426,441,478,506
2,300,427,440,478,506
2,301,428,439,477,506
2,302,428,438,477,506
2,303,429,437,477,506
2,304,429,436,477,506
2,305,430,435,476,506
2,306,430,434,476,506
2,307,430,433,476,506
2,308,430,433,476,507
2,309,429,434,476,507
2,310,429,435,476,507
2,311,429,436,476,507
2,312,429,437,476,506
2,313,429,438,476,506
2,314,429,439,476,506
2,315,430,440,477,506
2,316,430,440,477,506
2,317,431,439,477,506
2,318,431,439,477,506
2,319,432,439,477,505
2,320,432,440,477,505
2,321,432,440,477,504
2,322,433,440,477,504
2,323,433,440,477,503
2,324,434,439,477,502
2,325,433,439,478,502
2,326,433,438,479,501
2,327,434,437,480,501
2,328,434,436,480,501
2,329,435,435,479,501
2,330,435,434,480,501
2,331,435,434,481,501
2,332,434,433,482,501
2,333,434,432,483,501
2,334,433,432,484,501
2,335,433,432,485,501
2,336,433,431,485,501
2,337,433,432,486,501
2,338,432,432,486,501
2,339,432,433,486,501
2,340,432,434,486,501
2,341,432,435,486,501
2,342,432,436,486,501
2,343,432,437,486,501
2,344,433,438,486,501
2,345,434,438,488,501
2,346,435,439,488,500
2,347,436,440,489,500
2,348,437,441,488,499
2,349,438,441,488,499
2,350,438,441,488,498
2,351,439,440,489,497
2,352,439,439,489,497
2,353,440,438,488,497
2,354,441,437,488,497
2,355,442,436,488,497
2,356,442,435,488,497
2,357,443,434,487,497
2,358,443,433,487,497
2,359,444,432,487,497
2,360,444,431,487,497
2,361,444,430,486,497
2,362,444,430,486,497
2,363,444,430,486,497
2,364,443,430,486,497
2,365,443,431,486,497
2,366,443,432,486,497
2,367,443,433,486,497
2,368,443,434,487,497
2,369,443,435,487,497
2,370,444,436,487,497
2,371,444,435,487,497
2,372,445,435,487,496
2,373,445,435,487,496
2,374,446,435,487,496
2,375,446,436,487,496
2,376,446,436,487,495
2,377,447,436,487,495
2,378,447,436,487,494
2,379,447,435,487,494
2,380,447,435,488,493
2,381,447,434,489,492
2,382,447,433,489,492
2,383,447,432,488,493
2,384,448,431,488,493
2,385,448,431,488,493
2,386,448,430,487,493
2,387,448,430,487,493
2,388,448,429,487,493
2,389,447,428,487,492
2,390,447,428,484,492
2,391,447,428,484,492
2,392,447,428,484,492
2,393,446,429,484,492
2,394,446,430,483,492
2,395,446,431,483,492
2,396,446,432,484,492
2,397,446,433,484,492
2,398,446,433,484,492
2,399,447,434,484,492
2,400,448,434,484,492
2,401,449,435,484,492
2,402,449,436,485,491
2,403,450,437,486,491
2,404,451,437,486,490
2,405,451,437,487,490
2,406,452,436,488,489
2,407,453,435,489,489
2,408,453,434,489,489
2,409,454,433,490,489
2,410,455,432,494,489
2,411,455,431,494,489
2,412,456,430,495,489
2,413,456,429,496,489
2,414,456,428,496,489
2,415,456,428,496,489
2,416,456,427,495,489
2,417,456,427,495,489
2,418,456,427,495,489
2,419,456,427,495,489
2,420,456,428,495,489
2,421,455,428,495,489
2,422,455,430,495,489
2,423,455,432,496,488
2,424,456,433,495,489
2,425,456,434,494,489
2,426,457,434,493,489
2,427,457,434,493,488
2,428,457,435,493,488
2,429,458,435,492,488
2,430,458,435,487,488
2,431,458,434,486,487
2,432,459,434,486,487
2,433,459,434,486,486
2,434,459,434,486,486
2,435,459,433,485,485
2,436,459,433,485,485
2,437,459,432,485,485
2,438,459,432,485,485
2,439,459,432,485,485
2,440,460,431,486,485
2,441,460,431,486,485
2,442,460,431,486,485
2,443,460,430,487,485
2,444,459,430,487,485
2,445,459,430,487,485
2,446,459,431,486,485
2,447,459,431,486,485
2,448,458,431,486,485
2,449,458,432,486,485
2,450,458,432,486,485
3,0,691,436,712,488
3,1,689,436,711,488
3,2,688,437,709,487
3,3,686,438,707,487
3,4,685,439,706,488
3,5,711,443,733,500
3,6,709,442,733,499
3,7,705,442,733,498
3,8,702,441,733,499
3,9,699,441,733,499
3,10,696,441,733,501
3,11,693,441,733,501
3,12,692,441,733,501
3,13,691,441,734,501
3,14,690,441,734,501
3,15,689,441,734,501
3,16,689,441,734,501
3,17,688,441,734,501
3,18,688,440,734,501
3,19,687,440,734,501
3,20,686,439,733,502
3,21,676,439,733,502
3,22,676,439,733,502
3,23,678,439,732,503
3,24,679,438,732,503
3,25,680,438,731,503
3,26,676,438,731,503
3,27,676,438,731,503
3,28,678,439,731,503
3,29,680,441,731,503
3,30,681,442,731,503
3,31,682,443,731,503
3,32,683,444,731,504
3,33,684,444,731,505
3,34,685,444,731,506
3,35,685,444,731,506
3,36,686,444,732,507
3,37,686,444,732,507
3,38,686,444,732,506
3,39,685,444,732,506
3,40,685,444,732,506
3,41,684,444,731,506
3,42,683,444,731,505
3,43,683,444,732,505
3,44,681,444,732,505
3,45,680,444,733,505
3,46,680,444,734,506
3,47,679,443,734,506
3,48,680,443,734,506
3,49,680,443,734,507
3,50,681,442,735,507
3,51,682,441,736,508
3,52,683,441,737,508
3,53,683,440,737,508
3,54,684,440,738,508
3,55,684,441,738,508
3,56,684,442,739,508
3,57,684,443,741,509
3,58,683,444,743,510
3,59,683,444,744,510
3,60,683,445,744,509
3,61,683,445,744,508
3,62,683,446,744,509
3,63,683,446,744,510
3,64,684,446,744,511
3,65,684,446,744,512
3,66,685,446,745,512
3,67,685,446,745,511
3,68,684,446,745,511
3,69,684,446,745,511
3,70,683,446,745,511
3,71,682,446,745,511
3,72,681,445,745,511
3,73,680,445,745,512
3,74,680,444,744,512
3,75,681,444,744,513
3,76,683,444,744,513
3,77,682,444,743,514
3,78,682,443,743,514
3,79,682,443,742,514
3,80,682,443,742,514
3,81,682,443,742,514
3,82,683,444,742,514
3,83,683,445,742,514
3,84,684,446,742,514
3,85,685,447,742,514
3,86,686,449,742,515
3,87,686,449,742,516
3,88,686,449,742,517
3,89,686,449,742,518
3,90,686,449,743,519
3,91,686,449,743,519
3,92,687,449,743,518
3,93,686,450,743,518
3,94,686,450,743,517
3,95,685,450,742,517
3,96,685,450,742,517
3,97,685,450,743,516
3,98,685,450,743,517
3,99,685,449,744,517
3,100,686,449,745,517
3,101,686,449,745,517
3,102,686,449,745,518
3,103,687,448,745,518
3,104,688,448,746,519
3,105,689,447,748,519
3,106,690,446,748,520
3,107,690,446,749,520
3,108,691,446,750,520
3,109,691,446,750,520
3,110,691,447,752,519
3,111,691,448,754,521
3,112,690,449,756,522
3,113,689,450,757,522
3,114,690,450,757,521
3,115,689,451,757,520
3,116,689,452,757,521
3,117,690,452,757,522
3,118,690,453,758,523
3,119,691,452,758,524
3,120,692,452,758,524
3,121,692,452,758,524
3,122,692,452,758,523
3,123,692,452,758,523
3,124,691,452,758,523
3,125,689,452,758,523
3,126,688,451,758,524
3,127,687,451,757,524
3,128,687,450,757,525
3,129,688,450,757,525
3,130,690,450,756,526
3,131,690,450,756,526
3,132,689,449,755,526
3,133,689,449,755,526
3,134,689,449,755,527
3,135,690,449,755,527
3,136,690,450,754,527
3,137,691,451,754,527
3,138,692,452,754,526
3,139,693,454,755,526
3,140,693,455,755,528
3,141,693,455,755,529
3,142,693,456,755,530
3,143,693,456,755,531
3,144,693,456,756,532
3,145,694,456,756,532
3,146,694,456,756,531
3,147,694,456,756,531
3,148,694,456,756,531
3,149,693,456,756,531
3,150,693,456,755,530
3,151,693,456,756,530
3,152,693,456,756,530
3,153,693,456,757,530
3,154,693,456,758,530
3,155,694,456,759,531
3,156,695,455,758,531
3,157,695,455,758,532
3,158,696,454,760,532
3,159,697,453,761,533
3,160,698,453,762,533
3,161,699,452,763,534
3,162,699,452,764,534
3,163,699,453,764,533
3,164,699,454,766,533
3,165,698,455,769,535
3,166,697,456,771,536
3,167,697,456,772,536
3,168,697,457,773,535
3,169,697,458,773,535
3,170,697,459,773,535
3,171,697,459,773,537
3,172,698,460,773,538
3,173,699,459,773,539
3,174,700,459,774,539
3,175,701,459,774,539
3,176,701,459,774,538
3,177,700,459,774,538
3,178,699,459,774,538
3,179,698,459,774,538
3,180,696,458,773,539
3,181,695,458,773,539
3,182,695,457,773,540
3,183,697,457,772,540
3,184,698,457,772,541
3,185,698,457,771,541
3,186,698,456,771,542
3,187,698,456,770,542
3,188,698,456,770,542
3,189,699,456,770,542
3,190,699,457,770,542
3,191,700,458,770,542
3,192,701,460,770,542
3,193,702,461,770,541
3,194,703,463,771,544
3,195,702,463,771,545
3,196,702,464,771,546
3,197,702,464,771,548
3,198,702,464,771,549
3,199,702,464,771,549
3,200,703,464,771,548
3,201,704,464,771,548
3,202,703,464,771,547
3,203,703,464,771,547
3,204,703,464,771,546
3,205,703,464,771,546
3,206,703,464,772,546
3,207,703,464,773,546
3,208,703,464,774,547
3,209,704,463,775,547
3,210,704,463,774,548
3,211,705,463,774,549
3,212,706,462,776,549
3,213,707,461,777,550
3,214,708,460,779,550
3,215,708,460,780,550
3,216,708,460,781,551
3,217,708,461,781,550
3,218,708,462,784,550
3,219,707,463,787,552
3,220,706,464,789,554
3,221,706,465,791,554
3,222,706,465,792,553
3,223,706,466,793,553
3,224,706,467,793,553
3,225,706,468,793,555
3,226,707,468,793,556
3,227,708,468,793,557
3,228,709,468,793,557
3,229,710,468,793,557
3,230,711,468,794,557
3,231,711,468,794,556
3,232,710,467,793,556
3,233,708,467,793,556
3,234,706,467,793,557
3,235,705,466,792,557
3,236,705,466,792,558
3,237,707,466,791,559
3,238,709,465,791,559
3,239,709,465,790,560
3,240,708,465,790,560
3,241,708,465,789,560
3,242,709,464,789,561
3,243,710,465,789,561
3,244,710,466,789,561
3,245,711,467,789,561
3,246,712,469,789,560
3,247,714,471,790,560
3,248,714,472,790,563
3,249,713,473,790,565
3,250,713,473,790,567
3,251,713,473,790,568
3,252,713,473,791,570
3,253,714,473,791,569
3,254,714,473,791,568
3,255,715,473,791,568
3,256,715,474,791,568
3,257,715,474,790,567
3,258,714,474,790,567
3,259,714,474,791,566
3,260,714,474,792,567
3,261,715,473,793,567
3,262,715,473,794,567
3,263,716,473,794,568
3,264,716,473,794,568
3,265,717,472,794,569
3,266,718,472,796,570
3,267,719,471,798,570
3,268,719,470,799,571
3,269,719,469,800,571
3,270,719,469,802,571
3,271,719,470,802,571
3,272,719,472,806,571
3,273,718,473,809,573
3,274,717,474,812,575
3,275,717,475,815,576
3,276,717,476,816,575
3,277,717,477,817,575
3,278,717,478,817,576
3,279,717,478,817,578
3,280,718,479,817,579
3,281,719,479,817,580
3,282,721,478,818,581
3,283,722,478,818,580
3,284,723,478,818,580
3,285,724,478,818,579
3,286,723,478,818,579
3,287,721,478,818,579
3,288,719,477,817,580
3,289,718,477,817,580
3,290,718,476,816,581
3,291,720,476,815,582
3,292,722,476,815,583
3,293,722,476,814,583
3,294,721,476,814,584
3,295,721,475,813,584
3,296,722,475,813,584
3,297,723,476,813,584
3,298,724,477,813,584
3,299,725,478,813,584
3,300,727,480,813,584
3,301,728,482,814,584
3,302,727,484,814,587
3,303,725,484,814,590
3,304,725,485,815,592
3,305,725,485,815,594
3,306,725,485,815,596
3,307,726,485,815,596
3,308,726,485,815,595
3,309,727,485,815,594
3,310,729,486,815,594
3,311,729,486,815,593
3,312,729,486,814,593
3,313,729,486,815,592
3,314,729,486,816,592
3,315,729,485,818,593
3,316,730,485,819,593
3,317,731,485,819,594
3,318,732,485,819,595
3,319,732,484,819,595
3,320,732,484,821,596
3,321,732,483,823,597
3,322,732,482,825,598
3,323,732,482,826,598
3,324,733,482,828,598
3,325,733,481,825,598
3,326,733,483,829,598
3,327,732,484,834,597
3,328,732,486,838,600
3,329,731,487,842,603
3,330,730,487,845,605
3,331,730,488,847,604
3,332,730,490,848,604
3,333,730,491,849,605
3,334,731,492,849,607
3,335,732,492,849,609
3,336,733,492,849,610
3,337,734,492,849,610
3,338,736,491,850,610
3,339,737,491,850,609
3,340,739,491,850,609
3,341,739,491,850,609
3,342,737,491,850,609
3,343,735,491,849,610
3,344,734,490,849,610
3,345,734,490,848,611
3,346,736,489,847,612
3,347,738,489,846,613
3,348,738,489,846,614
3,349,738,489,845,614
3,350,738,489,845,615
3,351,739,489,844,615
3,352,740,490,844,615
3,353,742,491,844,615
3,354,743,492,844,615
3,355,745,495,845,615
3,356,745,497,845,614
3,357,743,499,845,620
3,358,742,499,846,624
3,359,741,500,846,626
3,360,741,500,846,628
3,361,741,500,846,631
3,362,742,500,847,630
3,363,742,500,847,629
3,364,743,500,846,628
3,365,746,501,846,628
3,366,745,501,846,627
3,367,747,501,846,627
3,368,748,501,846,626
3,369,749,501,848,626
3,370,749,501,849,627
3,371,749,501,851,627
3,372,749,500,851,628
3,373,749,500,851,629
3,374,749,500,851,630
3,375,749,500,853,631
3,376,749,499,856,632
3,377,750,498,858,633
3,378,750,497,860,633
3,379,750,497,863,634
3,380,750,497,860,633
3,381,750,499,864,633
3,382,749,500,870,632
3,383,748,502,876,636
3,384,747,503,881,641
3,385,747,504,886,643
3,386,747,505,889,643
3,387,746,507,890,643
3,388,747,508,891,644
3,389,747,509,891,647
3,390,749,509,892,649
3,391,750,509,892,651
3,392,752,509,892,651
3,393,754,509,892,650
3,394,756,509,893,650
3,395,757,509,893,649
3,396,758,509,893,649
3,397,759,509,892,649
3,398,756,508,892,650
3,399,755,508,891,651
3,400,755,507,890,652
3,401,757,507,889,653
3,402,760,507,888,654
3,403,760,507,888,655
3,404,760,507,887,655
3,405,760,507,887,656
3,406,762,507,886,656
3,407,764,508,886,656
3,408,765,509,886,657
3,409,767,512,887,657
3,410,769,514,887,656
3,411,767,516,887,656
3,412,765,518,888,664
3,413,763,519,888,669
3,414,762,520,889,672
3,415,762,520,889,676
3,416,762,520,889,678
3,417,763,520,889,678
3,418,764,520,889,677
3,419,765,521,889,676
3,420,767,521,889,675
3,421,767,521,888,675
3,422,768,522,888,674
3,423,769,522,889,674
3,424,771,521,890,674
3,425,772,521,892,674
3,426,771,521,894,675
3,427,771,521,894,676
3,428,772,521,894,677
3,429,772,521,894,678
3,430,772,520,897,679
3,431,772,520,900,680
3,432,772,519,903,681
3,433,772,519,906,682
3,434,773,519,910,682
3,435,772,519,906,682
3,436,772,520,913,682
3,437,771,523,921,681
3,438,770,524,929,686
3,439,769,525,936,693
3,440,769,526,943,696
3,441,769,528,947,697
3,442,768,529,950,698
3,443,768,531,951,700
3,444,769,532,952,704
3,445,771,533,952,707
3,446,773,533,952,708
3,447,775,533,953,708
3,448,777,533,953,707
3,449,780,533,953,707
3,450,781,533,953,706
