0,0,102,653,243,705
0,1,102,652,243,705
0,2,102,652,243,705
0,3,102,652,243,705
0,4,102,652,243,705
0,5,102,652,243,705
0,6,102,652,243,705
0,7,102,652,243,705
0,8,102,652,243,705
0,9,102,651,243,705
0,10,102,651,243,705
0,11,102,651,243,705
0,12,103,651,244,705
0,13,103,651,244,705
0,14,103,651,244,705
0,15,103,650,244,705
0,16,103,650,244,705
0,17,104,650,243,705
0,18,104,650,243,705
0,19,105,651,243,705
0,20,105,651,243,705
0,21,106,651,243,705
0,22,107,651,243,705
0,23,108,651,243,705
0,24,110,651,243,704
0,25,111,651,243,704
0,26,113,651,243,704
0,27,114,651,242,704
0,28,116,651,242,704
0,29,117,651,242,704
0,30,118,651,242,704
0,31,119,651,242,704
0,32,120,651,243,704
0,33,120,651,243,704
0,34,121,651,242,705
0,35,121,651,242,705
0,36,122,651,242,705
0,37,122,651,242,705
0,38,123,650,242,705
0,39,123,650,242,705
0,40,123,650,242,705
0,41,123,650,242,705
0,42,123,650,242,705
0,43,122,649,242,705
0,44,122,649,242,705
0,45,121,649,242,705
0,46,121,649,242,705
0,47,120,649,242,705
0,48,120,649,242,705
0,49,119,650,242,705
0,50,119,650,242,705
0,51,119,650,243,705
0,52,119,650,243,705
0,53,119,650,243,705
0,54,119,650,243,705
0,55,119,650,243,705
0,56,119,650,243,705
0,57,119,650,243,705
0,58,119,650,243,705
0,59,119,650,243,705
0,60,119,650,243,705
0,61,119,650,243,705
0,62,119,650,243,705
0,63,119,650,242,705
0,64,119,651,242,705
0,65,119,651,242,705
0,66,119,651,242,705
0,67,119,651,242,705
0,68,119,651,242,705
0,69,119,651,242,705
0,70,119,651,242,705
0,71,119,651,242,705
0,72,119,651,242,705
0,73,119,651,242,705
0,74,119,651,242,705
0,75,118,651,242,705
0,76,118,651,242,705
0,77,118,651,242,705
0,78,118,651,242,705
0,79,118,651,242,705
0,80,118,650,242,705
0,81,118,650,242,705
0,82,118,650,242,705
0,83,118,650,242,705
0,84,118,650,242,705
0,85,118,650,242,705
0,86,118,650,242,705
0,87,118,650,242,705
0,88,117,650,242,705
0,89,117,650,242,705
0,90,117,650,242,705
0,91,117,650,242,705
0,92,117,650,242,705
0,93,117,650,242,705
0,94,117,650,242,704
0,95,117,650,242,704
0,96,117,650,242,704
0,97,116,650,242,704
0,98,116,650,242,704
0,99,116,649,242,704
0,100,116,648,242,704
0,101,116,647,242,704
0,102,115,647,241,703
0,103,115,646,241,703
0,104,115,646,241,703
0,105,115,646,241,703
0,106,116,646,242,703
0,107,116,647,242,703
0,108,116,647,242,703
0,109,116,648,242,703
0,110,116,649,242,703
0,111,116,649,242,703
0,112,116,649,242,703
0,113,116,649,242,703
0,114,115,649,242,703
0,115,115,650,242,703
0,116,115,650,242,703
0,117,114,650,242,703
0,118,114,650,242,703
0,119,114,650,242,703
0,120,113,650,243,703
0,121,113,650,243,703
0,122,113,650,243,703
0,123,113,650,243,703
0,124,113,649,243,703
0,125,114,649,243,703
0,126,114,649,242,703
0,127,114,649,242,703
0,128,114,649,242,703
0,129,114,650,242,703
0,130,114,650,242,703
0,131,114,650,242,703
0,132,114,650,242,703
0,133,114,650,242,703
0,134,114,650,242,703
0,135,114,650,242,703
0,136,114,650,242,703
0,137,114,650,242,703
0,138,114,650,242,703
0,139,114,650,242,703
0,140,114,650,242,703
0,141,114,650,241,703
0,142,114,650,240,703
0,143,114,650,240,703
0,144,114,650,240,703
0,145,114,650,240,703
0,146,114,650,240,703
0,147,114,650,241,703
0,148,114,650,241,703
0,149,114,650,241,703
0,150,114,650,241,703
0,151,113,650,241,703
0,152,113,650,241,703
0,153,113,650,241,703
0,154,113,650,241,703
0,155,113,650,241,703
0,156,113,650,241,703
0,157,113,650,241,703
0,158,113,650,241,703
0,159,113,650,241,703
0,160,113,650,241,703
0,161,113,650,241,703
0,162,113,650,241,703
0,163,113,650,241,703
0,164,113,650,242,703
0,165,113,650,243,703
0,166,113,649,244,703
0,167,114,649,245,703
0,168,114,649,246,703
0,169,114,649,248,703
0,170,114,647,249,702
0,171,114,647,251,702
0,172,114,646,253,702
0,173,114,646,254,701
0,174,114,646,255,701
0,175,114,646,256,700
0,176,114,646,257,700
0,177,114,646,257,700
0,178,114,646,257,700
0,179,114,646,256,700
0,180,114,646,254,700
0,181,114,645,251,700
0,182,115,645,248,700
0,183,115,645,245,700
0,184,115,646,242,700
0,185,115,646,241,700
0,186,115,647,240,700
0,187,115,647,238,700
0,188,116,647,236,700
0,189,116,648,231,700
0,190,116,648,227,700
0,191,116,648,227,700
0,192,116,648,227,700
0,193,116,648,227,699
0,194,116,648,227,699
0,195,117,648,227,699
0,196,117,648,227,699
0,197,117,648,227,700
0,198,117,647,228,700
0,199,117,647,228,701
0,200,117,647,228,700
0,201,117,646,228,700
0,202,117,645,229,700
0,203,117,645,230,700
0,204,116,644,230,699
0,205,116,644,231,699
0,206,116,644,232,699
0,207,116,644,232,698
0,208,116,644,232,698
0,209,116,645,231,697
0,210,117,646,230,696
0,211,118,645,228,696
0,212,118,642,225,696
0,213,118,639,220,696
0,214,118,636,214,697
0,215,118,635,209,697
0,216,118,634,206,697
0,217,116,634,204,698
0,218,114,634,202,698
0,219,112,635,201,698
0,220,110,636,200,698
0,221,108,637,199,698
0,222,107,636,197,699
0,223,105,635,196,699
0,224,104,634,194,699
0,225,102,633,193,700
0,226,101,633,192,700
0,227,99,632,191,700
0,228,98,632,190,700
0,229,98,632,190,700
0,230,97,631,189,700
0,231,98,631,189,700
0,232,98,631,189,700
0,233,99,631,189,700
0,234,99,631,188,700
0,235,100,630,186,700
0,236,100,629,185,700
0,237,101,629,185,700
0,238,100,628,184,700
0,239,97,628,185,701
0,240,94,628,185,701
0,241,93,628,186,701
0,242,90,628,187,701
0,243,89,630,187,701
0,244,86,631,188,701
0,245,84,633,187,701
0,246,82,635,186,701
0,247,81,638,183,700
0,248,79,640,180,700
0,249,77,641,177,701
0,250,75,641,172,701
0,251,73,639,167,701
0,252,70,636,163,701
0,253,68,633,159,701
0,254,66,630,156,701
0,255,65,629,154,701
0,256,63,629,153,701
0,257,63,630,152,702
0,258,56,634,151,702
0,259,50,638,150,703
0,260,45,642,149,703
0,261,42,643,148,703
0,262,42,643,147,703
0,263,43,643,146,703
0,264,43,643,146,703
0,265,41,643,145,703
0,266,39,643,145,703
0,267,37,642,145,703
0,268,35,642,145,703
0,269,34,641,146,703
0,270,34,640,146,703
0,271,34,639,146,703
0,272,34,639,147,703
0,273,34,639,147,703
0,274,34,639,148,702
0,275,35,639,149,701
0,276,36,639,149,700
0,277,39,640,150,700
0,278,41,642,151,702
0,279,43,643,152,702
0,280,45,644,153,703
0,281,47,644,153,703
0,282,50,643,154,704
0,283,53,644,155,704
0,284,57,644,155,704
0,285,60,645,155,705
0,286,64,646,155,705
0,287,68,646,155,705
0,288,71,647,154,705
0,289,73,648,154,705
0,290,74,648,153,705
0,291,73,649,153,705
0,292,73,649,152,705
0,293,72,649,152,705
0,294,72,649,152,705
0,295,71,650,151,705
0,296,71,650,151,705
0,297,71,650,151,705
0,298,71,650,151,705
0,299,72,650,152,705
0,300,72,650,152,705
0,301,72,650,152,705
0,302,72,650,152,705
0,303,72,650,152,705
0,304,72,650,152,705
0,305,72,650,153,705
0,306,72,650,153,705
0,307,72,650,152,705
0,308,72,650,152,705
0,309,72,650,152,705
0,310,72,650,152,705
0,311,72,650,152,705
0,312,72,650,152,705
0,313,72,650,152,705
0,314,72,650,152,705
0,315,72,650,152,705
0,316,72,650,152,705
0,317,72,650,152,705
0,318,72,650,152,705
0,319,72,650,152,705
0,320,72,650,152,705
0,321,72,651,152,705
0,322,72,651,152,705
0,323,72,651,152,705
0,324,72,651,152,705
0,325,72,651,152,705
0,326,72,651,152,705
0,327,72,651,152,705
0,328,72,651,152,705
0,329,72,651,152,705
0,330,72,651,152,705
0,331,72,651,152,705
0,332,72,651,152,705
0,333,72,651,152,705
0,334,72,651,152,705
0,335,72,651,152,705
0,336,72,651,152,705
0,337,72,651,152,705
0,338,72,650,152,705
0,339,72,650,152,705
0,340,72,650,152,705
0,341,72,650,152,705
0,342,72,650,152,705
0,343,72,650,151,705
0,344,72,650,151,705
0,345,72,649,151,705
0,346,72,648,152,705
0,347,72,648,152,705
0,348,72,647,152,705
0,349,72,647,152,705
0,350,72,647,153,705
0,351,72,647,153,705
0,352,72,646,154,705
0,353,72,646,154,704
0,354,73,646,155,704
0,355,73,645,155,704
0,356,73,645,156,704
0,357,74,645,156,704
0,358,74,644,157,704
0,359,75,644,158,704
0,360,76,644,158,704
0,361,77,643,159,704
0,362,79,643,159,704
0,363,79,643,160,703
0,364,79,643,161,703
0,365,79,642,162,703
0,366,79,641,163,703
0,367,79,640,164,703
0,368,79,640,166,703
0,369,79,639,168,702
0,370,79,638,169,702
0,371,79,638,170,702
0,372,79,638,172,702
0,373,79,637,173,701
0,374,80,637,174,701
0,375,80,638,174,701
0,376,80,638,175,701
0,377,80,638,176,701
0,378,80,638,176,701
0,379,80,638,177,701
0,380,80,637,178,700
0,381,79,637,179,700
0,382,79,636,180,700
0,383,79,636,182,700
0,384,79,636,183,700
0,385,79,636,184,700
0,386,79,638,186,700
0,387,79,640,187,700
0,388,79,643,190,700
0,389,79,644,194,701
0,390,79,644,197,701
0,391,80,644,201,701
0,392,80,644,204,701
0,393,80,644,205,701
0,394,80,643,206,701
0,395,80,643,208,701
0,396,80,643,209,701
0,397,81,643,209,701
0,398,81,643,209,703
0,399,81,643,209,703
0,400,81,643,209,703
0,401,81,643,209,702
0,402,81,643,209,703
0,403,80,643,209,703
0,404,80,643,209,703
0,405,80,643,209,702
0,406,80,643,209,702
0,407,80,643,209,702
0,408,80,643,209,702
0,409,80,644,209,702
0,410,80,644,209,702
0,411,80,643,209,702
0,412,80,643,209,702
0,413,80,643,209,702
0,414,80,642,209,702
0,415,80,641,209,702
0,416,80,640,208,702
0,417,80,638,208,702
0,418,80,637,208,701
0,419,80,635,208,701
0,420,80,633,209,701
0,421,81,631,209,701
0,422,81,630,209,701
0,423,82,629,209,701
0,424,84,628,209,701
0,425,86,628,209,701
0,426,89,628,208,701
0,427,92,629,207,701
0,428,93,630,207,701
0,429,94,631,207,700
0,430,96,632,207,700
0,431,97,631,207,700
0,432,98,631,206,700
0,433,97,631,204,700
0,434,97,631,206,700
0,435,96,633,211,701
0,436,97,634,215,702
0,437,97,636,219,702
0,438,98,637,221,701
0,439,98,638,223,699
0,440,99,639,225,699
0,441,100,640,227,700
0,442,102,640,228,701
0,443,104,640,229,701
0,444,106,640,230,702
0,445,109,640,231,702
0,446,111,639,232,702
0,447,114,637,233,702
0,448,116,636,233,702
0,449,118,635,233,702
0,450,119,634,233,702
1,318,1003,529,1152,718
1,319,964,492,1152,710
1,320,930,478,1152,710
1,321,900,478,1152,710
1,322,872,482,1152,720
1,323,847,488,1152,720
1,324,826,490,1152,714
1,325,807,492,1152,703
1,326,790,495,1152,693
1,327,774,498,1152,685
1,328,760,500,1139,677
1,329,747,502,1100,671
1,330,735,504,1065,665
1,331,724,505,1035,660
1,332,714,507,1007,655
1,333,704,508,982,651
1,334,696,509,960,647
1,335,688,510,939,643
1,336,681,511,920,640
1,337,674,512,903,637
1,338,664,513,889,635
1,339,654,514,876,633
1,340,645,515,864,631
1,341,636,515,852,629
1,342,628,516,842,627
1,343,620,516,832,625
1,344,613,517,823,624
1,345,606,517,814,622
1,346,598,518,805,621
1,347,592,518,797,620
1,348,585,518,789,619
1,349,579,519,782,618
1,350,573,519,775,617
1,351,568,519,768,616
1,352,562,520,762,615
1,353,558,520,757,614
1,354,553,520,751,613
1,355,549,520,746,613
1,356,545,521,742,612
1,357,541,521,737,611
1,358,538,521,732,611
1,359,535,521,727,610
1,360,533,521,723,610
1,361,530,522,719,609
1,362,528,522,715,609
1,363,526,522,711,608
1,364,524,522,708,608
1,365,522,522,705,608
1,366,520,522,702,607
1,367,519,522,700,607
1,368,517,522,697,607
1,369,516,522,695,606
1,370,515,522,693,606
1,371,514,522,691,606
1,372,513,523,690,606
1,373,512,523,689,606
1,374,512,523,688,606
1,375,511,523,687,606
1,376,511,523,686,605
1,377,510,523,686,605
1,378,510,523,685,605
1,379,510,523,685,605
1,380,510,523,685,605
1,381,510,523,685,605
1,382,510,523,685,605
1,383,510,523,685,605
1,384,510,523,685,605
1,385,510,523,685,605
1,386,510,523,685,605
1,387,510,523,685,605
1,388,510,523,685,605
1,389,510,523,685,605
1,390,510,523,685,605
1,391,510,523,685,605
1,392,510,523,685,605
1,393,510,523,685,605
1,394,510,523,685,605
1,395,510,523,685,605
1,396,510,523,685,605
1,397,510,523,685,605
1,398,510,523,685,605
1,399,510,523,685,605
1,400,510,523,685,605
1,401,510,523,685,605
1,402,510,523,685,605
1,403,510,523,685,605
1,404,510,523,685,605
1,405,510,523,685,605
1,406,510,523,685,605
1,407,510,523,685,605
1,408,510,523,685,605
1,409,510,523,685,605
1,410,510,523,685,605
1,411,510,523,685,605
1,412,510,523,685,605
1,413,510,523,685,605
1,414,510,523,685,605
1,415,510,523,685,605
1,416,510,523,685,605
1,417,510,523,685,605
1,418,510,523,685,605
1,419,510,523,685,605
1,420,510,523,685,605
1,421,510,523,685,605
1,422,510,523,685,605
1,423,510,523,685,605
1,424,510,523,685,605
1,425,510,523,685,605
1,426,510,523,685,605
1,427,510,523,685,605
1,428,510,523,685,605
1,429,510,523,685,605
1,430,510,523,685,605
1,431,510,523,685,605
1,432,510,523,685,605
1,433,510,523,685,605
1,434,510,523,685,605
1,435,510,523,685,605
1,436,510,523,685,605
1,437,510,523,685,605
1,438,510,523,685,605
1,439,510,523,685,605
1,440,510,523,685,605
1,441,510,523,685,605
1,442,510,523,685,605
1,443,510,523,685,605
1,444,510,523,685,605
1,445,510,523,685,605
1,446,510,523,685,605
1,447,510,523,685,605
1,448,510,523,685,605
1,449,510,523,685,605
1,450,510,523,685,605
