0,242,344,307,405,417
0,243,344,306,405,417
0,244,344,306,405,417
0,245,344,305,405,417
0,246,344,302,405,417
0,247,344,300,406,417
0,248,344,297,406,417
0,249,344,295,408,417
0,250,344,292,409,417
0,251,344,291,411,417
0,252,345,290,413,417
0,253,348,290,416,417
0,254,352,290,419,417
0,255,357,290,422,417
0,256,363,290,424,417
0,257,370,288,426,417
0,258,375,287,427,417
0,259,376,287,429,417
0,260,376,288,430,417
0,261,377,289,431,417
0,262,377,290,432,417
0,263,378,290,434,417
0,264,380,290,435,417
0,265,382,290,437,417
0,266,383,290,439,417
0,267,381,291,441,416
0,268,379,291,443,416
0,269,381,291,446,416
0,270,384,292,449,416
0,271,388,292,453,416
0,272,394,293,457,415
0,273,401,293,462,415
0,274,410,293,467,415
0,275,417,293,472,415
0,276,421,292,477,415
0,277,425,293,486,415
0,278,429,293,496,415
0,279,431,293,505,415
0,280,432,293,512,414
0,281,433,293,517,415
0,282,434,294,523,416
0,283,436,294,527,416
0,284,437,295,529,416
0,285,439,296,530,416
0,286,445,297,529,416
0,287,452,296,528,416
0,288,461,296,526,416
0,289,468,298,524,416
0,290,471,298,524,416
0,291,470,299,527,416
0,292,469,299,530,416
0,293,469,300,533,416
0,294,471,302,537,414
0,295,475,305,542,414
0,296,480,308,548,414
0,297,481,311,554,413
0,298,480,315,560,413
0,299,480,319,566,413
0,300,481,324,572,413
0,301,484,330,578,414
0,302,487,336,585,415
0,303,490,342,590,414
0,304,494,349,597,416
0,305,498,355,604,418
0,306,503,361,612,418
0,307,507,368,616,418
0,308,511,376,619,418
0,309,516,376,620,418
0,310,522,368,624,418
0,311,530,361,628,418
0,312,530,355,631,418
0,313,530,351,633,418
0,314,531,349,634,418
0,315,531,346,634,418
0,316,532,345,635,418
0,317,532,344,635,418
0,318,533,344,635,418
0,319,533,344,635,418
0,320,533,344,636,418
0,321,533,343,638,418
0,322,533,343,640,418
0,323,532,342,641,418
0,324,531,342,643,418
0,325,530,342,644,418
0,326,528,343,645,417
0,327,526,344,645,417
0,328,524,346,644,417
0,329,522,348,644,417
0,330,520,352,643,417
0,331,518,357,642,417
0,332,516,363,641,416
0,333,515,370,639,416
0,334,515,378,638,416
0,335,515,385,636,416
0,336,515,387,635,416
0,337,515,386,634,416
0,338,515,385,634,416
0,339,515,385,635,416
0,340,515,385,636,416
0,341,515,384,637,416
0,342,515,384,638,416
0,343,515,384,639,416
0,344,515,384,639,416
0,345,515,384,640,416
0,346,515,384,639,416
0,347,515,384,638,416
0,348,515,385,638,416
0,349,515,385,637,416
0,350,515,385,637,416
0,351,515,385,637,416
0,352,515,385,637,416
0,353,515,385,637,416
0,354,515,385,637,416
0,355,515,385,637,416
0,356,515,385,637,416
0,357,515,385,637,416
0,358,515,385,637,416
0,359,515,385,637,416
0,360,515,385,637,416
0,361,515,385,637,416
0,362,515,385,637,416
0,363,515,385,637,416
0,364,515,385,637,416
0,365,515,385,637,416
0,366,515,385,637,416
0,367,515,385,637,416
0,368,515,385,637,416
0,369,515,385,637,416
0,370,515,385,637,416
0,371,515,385,637,416
0,372,515,385,637,416
0,373,515,385,637,416
0,374,515,385,637,416
0,375,515,385,637,416
0,376,515,385,637,416
0,377,515,385,637,416
0,378,515,385,637,416
0,379,515,385,637,416
0,380,515,385,637,416
0,381,515,385,637,416
0,382,515,385,637,416
0,383,515,385,637,416
0,384,515,385,637,416
0,385,515,385,637,416
0,386,515,385,637,416
0,387,515,385,637,416
0,388,515,385,637,416
0,389,515,385,637,416
0,390,515,385,637,416
0,391,515,385,637,416
0,392,515,385,637,416
0,393,515,385,637,416
0,394,515,385,637,416
0,395,515,385,637,416
0,396,515,385,637,416
0,397,515,385,637,416
0,398,515,385,637,416
0,399,515,385,637,416
0,400,515,385,637,416
0,401,515,385,637,416
0,402,515,385,637,416
0,403,515,385,637,416
0,404,515,385,637,416
0,405,515,385,637,416
0,406,515,385,637,416
0,407,515,385,637,416
0,408,515,385,637,416
0,409,515,385,637,416
0,410,515,385,637,416
0,411,515,385,637,416
0,412,515,385,637,416
0,413,515,385,637,416
0,414,515,385,637,416
0,415,515,385,637,416
0,416,515,385,637,416
0,417,515,385,637,416
0,418,515,385,637,416
0,419,515,385,637,416
0,420,515,385,637,416
0,421,515,385,637,416
0,422,515,385,637,416
0,423,515,385,637,416
0,424,515,385,637,416
0,425,515,385,637,416
0,426,515,385,637,416
0,427,515,385,637,416
0,428,515,385,637,416
0,429,515,385,637,416
0,430,515,385,636,416
0,431,515,385,636,416
0,432,515,385,636,416
0,433,515,385,636,416
0,434,515,385,636,416
0,435,515,385,636,416
0,436,515,385,636,416
0,437,515,385,636,416
0,438,515,385,636,416
0,439,515,385,636,416
0,440,515,385,636,416
0,441,515,385,636,416
0,442,515,385,636,416
0,443,515,385,636,416
0,444,515,385,636,416
0,445,515,385,636,416
0,446,515,385,636,416
0,447,515,385,636,416
0,448,515,385,636,416
0,449,515,385,636,416
0,450,515,385,636,416
1,226,1054,331,1080,388
1,227,1036,318,1080,379
1,228,1013,310,1080,367
1,229,994,303,1080,349
1,230,977,297,1080,330
1,231,970,295,1080,329
1,232,1042,446,1080,601
1,233,966,288,1080,346
1,234,1043,426,1080,599
1,235,980,278,1080,373
1,236,988,280,1080,597
1,237,997,281,1080,595
1,238,1002,286,1080,594
1,239,1003,294,1080,592
1,240,1007,301,1080,590
1,241,1014,306,1080,586
1,242,1020,309,1080,580
1,243,1014,309,1080,575
1,244,1010,308,1080,570
1,245,1004,304,1080,568
1,246,992,298,1080,568
1,247,985,291,1080,569
1,248,968,283,1080,566
1,249,961,273,1080,566
1,250,960,266,1080,562
1,251,961,261,1080,560
1,252,942,258,1080,560
1,253,921,257,1080,560
1,254,908,257,1080,560
1,255,898,258,1080,560
1,256,894,260,1080,559
1,257,894,263,1080,559
1,258,897,267,1080,558
1,259,901,271,1080,557
1,260,903,276,1080,555
1,261,903,282,1080,553
1,262,902,290,1080,551
1,263,903,298,1075,550
1,264,906,307,1069,548
1,265,903,314,1063,544
1,266,897,320,1051,541
1,267,893,324,1041,537
1,268,890,327,1031,532
1,269,886,327,1019,530
1,270,883,326,1011,530
1,271,879,320,1004,530
1,272,872,311,999,530
1,273,869,301,998,531
1,274,869,292,998,531
1,275,869,283,998,531
1,276,859,277,998,525
1,277,846,273,1000,524
1,278,835,271,1003,524
1,279,826,271,1007,524
1,280,823,271,1012,523
1,281,822,272,1018,523
1,282,825,274,1021,523
1,283,832,277,1021,522
1,284,839,280,1018,521
1,285,845,283,1011,520
1,286,851,286,999,520
1,287,855,292,988,519
1,288,855,298,979,518
1,289,856,304,972,516
1,290,860,307,965,514
1,291,864,309,961,511
1,292,862,310,957,508
1,293,860,309,954,506
1,294,853,306,951,506
1,295,846,301,948,506
1,296,842,296,946,506
1,297,833,289,941,505
1,298,829,282,937,505
1,299,828,276,935,502
1,300,829,272,933,501
1,301,814,270,933,501
1,302,800,269,936,501
1,303,791,269,938,501
1,304,786,270,939,501
1,305,784,272,938,501
1,306,786,274,937,501
1,307,790,277,935,500
1,308,794,280,932,499
1,309,795,284,930,498
1,310,794,288,928,497
1,311,794,294,925,496
1,312,794,301,922,495
1,313,796,308,919,493
1,314,796,314,916,491
1,315,791,318,908,489
1,316,787,322,902,487
1,317,783,324,896,484
1,318,780,324,887,484
1,319,777,323,882,484
1,320,776,319,878,484
1,321,773,311,875,484
1,322,771,303,874,484
1,323,770,296,875,484
1,324,768,289,875,484
1,325,760,284,876,480
1,326,751,281,877,480
1,327,744,279,880,480
1,328,738,279,883,479
1,329,736,279,889,479
1,330,737,280,893,479
1,331,741,281,895,479
1,332,747,284,894,478
1,333,753,286,892,478
1,334,759,288,886,477
1,335,764,291,877,477
1,336,766,296,869,476
1,337,766,301,862,475
1,338,766,305,857,474
1,339,768,308,852,473
1,340,771,310,849,471
1,341,770,310,847,469
1,342,767,309,846,468
1,343,763,307,844,468
1,344,758,303,842,468
1,345,757,299,841,468
1,346,757,293,838,468
1,347,757,288,836,468
1,348,752,283,835,465
1,349,745,280,834,465
1,350,734,278,834,465
1,351,724,277,835,465
1,352,718,277,837,465
1,353,714,278,837,465
1,354,714,279,838,465
1,355,716,281,837,465
1,356,720,283,834,464
1,357,724,286,832,464
1,358,724,289,831,463
1,359,724,293,829,462
1,360,723,297,827,461
1,361,724,303,826,460
1,362,726,309,824,459
1,363,726,313,822,457
1,364,722,317,817,454
1,365,718,320,813,454
1,366,715,322,809,454
1,367,712,322,802,454
1,368,709,321,798,454
1,369,708,317,795,454
1,370,708,311,794,454
1,371,708,304,793,454
1,372,705,298,794,454
1,373,701,293,794,454
1,374,696,289,795,451
1,375,689,286,796,450
1,376,684,285,799,449
1,377,680,284,803,446
1,378,679,285,807,445
1,379,680,285,810,444
1,380,684,286,811,436
1,381,690,288,810,424
1,382,696,290,808,403
1,383,700,292,803,404
1,384,704,295,796,406
1,385,706,298,789,409
1,386,706,302,784,413
1,387,705,306,781,416
1,388,707,309,777,418
1,389,708,310,775,418
1,390,709,310,774,418
1,391,709,310,773,420
1,392,708,308,772,422
1,393,699,305,771,439
1,394,697,301,770,440
1,395,693,296,769,440
1,396,691,291,767,440
1,397,691,287,766,441
1,398,689,285,765,441
1,399,680,283,766,441
1,400,672,282,767,441
1,401,667,282,768,441
1,402,665,283,768,441
1,403,666,284,769,441
1,404,668,286,768,441
1,405,672,288,766,440
1,406,675,290,764,440
1,407,675,292,763,439
1,408,675,295,762,438
1,409,674,300,760,438
1,410,675,304,759,437
1,411,676,309,758,436
1,412,677,313,757,435
1,413,674,316,753,434
1,414,670,319,751,433
1,415,667,320,748,433
1,416,664,320,742,433
1,417,662,320,739,433
1,418,661,317,737,433
1,419,661,311,736,433
1,420,661,305,736,433
1,421,658,300,736,433
1,422,656,296,737,433
1,423,651,292,738,431
1,424,646,290,739,431
1,425,642,289,742,431
1,426,639,288,745,430
1,427,638,288,749,430
1,428,640,289,751,430
1,429,644,290,752,430
1,430,649,292,751,430
1,431,654,293,749,429
1,432,658,295,745,429
1,433,662,297,739,429
1,434,662,300,733,428
1,435,662,304,729,428
1,436,662,307,726,427
1,437,663,309,724,427
1,438,663,310,722,425
1,439,663,311,721,425
1,440,661,310,721,425
1,441,659,308,720,425
1,442,657,306,719,425
1,443,656,302,719,425
1,444,652,298,717,425
1,445,651,294,717,425
1,446,650,291,716,423
1,447,648,288,715,423
1,448,640,287,715,423
1,449,634,286,716,423
1,450,630,286,717,423
