0,146,682,382,720,486
0,147,683,382,720,486
0,148,683,382,720,486
0,149,683,382,719,486
0,150,683,382,719,486
0,151,683,382,719,486
0,152,683,382,719,486
0,153,683,382,719,486
0,154,683,382,719,486
0,155,683,382,719,486
0,156,683,382,719,486
0,157,684,382,720,486
0,158,684,383,721,486
0,159,685,383,721,486
0,160,685,383,722,486
0,161,686,383,723,486
0,162,686,383,723,486
0,163,687,382,724,486
0,164,687,382,725,486
0,165,686,383,726,486
0,166,686,384,726,485
0,167,685,386,726,485
0,168,685,389,724,484
0,169,685,392,722,484
0,170,686,395,720,484
0,171,686,397,719,484
0,172,686,398,719,484
0,173,687,400,719,484
0,174,687,401,719,484
0,175,687,402,719,484
0,176,687,403,719,485
0,177,687,404,719,485
0,178,687,405,719,485
0,179,687,405,719,485
0,180,686,406,719,485
0,181,686,406,719,485
0,182,686,407,719,485
0,183,687,407,719,485
0,184,687,407,719,485
0,185,687,408,719,485
0,186,687,408,719,485
0,187,687,408,719,485
0,188,687,409,719,485
0,189,687,409,719,485
0,190,687,409,719,485
0,191,686,410,719,485
0,192,686,410,719,485
0,193,686,411,719,485
0,194,686,411,719,485
0,195,686,412,719,485
0,196,686,413,719,485
0,197,685,414,719,485
0,198,685,415,719,485
0,199,685,416,719,485
0,200,685,417,719,485
0,201,684,419,719,485
0,202,684,420,719,485
0,203,684,422,719,485
0,204,683,425,719,485
0,205,683,427,719,485
0,206,681,431,719,485
0,207,680,435,719,484
0,208,679,440,719,485
0,209,678,444,721,488
0,210,675,448,724,488
0,211,671,454,730,488
0,212,668,456,738,487
0,213,663,453,741,488
0,214,681,450,741,489
0,215,681,448,741,489
0,216,681,448,741,488
0,217,680,448,741,488
0,218,679,450,741,489
0,219,678,451,741,489
0,220,677,453,741,490
0,221,676,455,741,490
0,222,675,458,741,490
0,223,674,462,741,491
0,224,674,466,741,491
0,225,675,467,741,492
0,226,676,467,741,492
0,227,677,467,741,492
0,228,678,467,741,492
0,229,679,467,741,492
0,230,679,467,741,492
0,231,679,467,741,492
0,232,678,467,741,492
0,233,678,467,741,492
0,234,677,467,741,492
0,235,676,467,741,492
0,236,676,467,741,492
0,237,676,467,741,492
0,238,676,467,741,492
0,239,676,467,741,492
0,240,676,467,741,492
0,241,676,467,741,492
0,242,676,467,741,492
0,243,676,467,741,492
0,244,676,468,741,492
0,245,676,468,741,492
0,246,676,469,741,492
0,247,676,470,739,492
0,248,675,471,735,492
0,249,675,471,731,492
0,250,669,471,731,492
0,251,672,470,732,492
0,252,674,469,732,492
0,253,674,468,733,492
0,254,674,467,734,492
0,255,674,467,735,492
0,256,673,467,736,492
0,257,673,466,737,492
0,258,672,465,738,492
0,259,671,465,739,492
0,260,671,464,739,492
0,261,670,464,740,492
0,262,670,464,740,492
0,263,669,464,740,492
0,264,669,464,740,492
0,265,669,464,740,492
0,266,670,464,740,492
0,267,670,464,740,492
0,268,671,464,740,492
0,269,672,464,740,492
0,270,672,464,740,492
0,271,673,463,740,492
0,272,674,463,740,492
0,273,675,463,740,492
0,274,675,463,740,492
0,275,676,463,740,492
0,276,677,463,740,492
0,277,677,463,740,492
0,278,678,463,740,492
0,279,679,463,740,492
0,280,679,463,740,492
0,281,680,463,740,492
0,282,680,463,740,492
0,283,680,463,740,492
0,284,680,463,740,492
0,285,680,463,740,492
0,286,680,463,741,492
0,287,680,463,741,492
0,288,680,463,741,492
0,289,680,463,741,492
0,290,680,463,741,492
0,291,680,463,740,492
0,292,679,463,740,492
0,293,679,463,740,492
0,294,679,463,740,492
0,295,679,463,740,492
0,296,678,463,740,492
0,297,678,463,740,492
0,298,678,463,739,492
0,299,678,462,739,492
0,300,678,462,739,492
0,301,678,462,739,492
0,302,678,462,739,492
0,303,678,462,739,492
0,304,678,462,738,492
0,305,678,462,738,492
0,306,678,462,738,492
0,307,678,462,737,492
0,308,678,462,737,491
0,309,677,462,736,491
0,310,677,462,736,491
0,311,677,462,735,491
0,312,676,462,735,491
0,313,676,462,734,491
0,314,676,462,733,491
0,315,676,462,733,491
0,316,675,462,732,491
0,317,675,462,732,491
0,318,675,462,732,491
0,319,675,462,732,491
0,320,674,462,732,491
0,321,674,462,732,491
0,322,674,462,732,491
0,323,680,467,732,491
0,324,680,467,732,491
0,325,680,466,732,491
0,326,680,466,732,491
0,327,680,466,732,491
0,328,680,466,732,491
0,329,680,466,732,491
0,330,680,466,732,491
0,331,680,466,732,491
0,332,680,466,732,491
0,333,681,466,732,491
0,334,681,466,732,490
0,335,681,465,732,490
0,336,681,465,732,490
0,337,681,465,732,490
0,338,681,465,732,490
0,339,681,465,732,490
0,340,681,465,732,490
0,341,681,464,732,490
0,342,671,464,732,490
0,343,671,464,732,490
0,344,671,464,732,490
0,345,671,464,732,490
0,346,671,464,732,490
0,347,670,464,732,490
0,348,670,464,732,490
0,349,670,464,732,490
0,350,670,465,732,490
0,351,670,465,732,490
0,352,670,465,732,490
0,353,670,465,732,490
0,354,670,465,732,490
0,355,670,465,732,490
0,356,670,465,732,490
0,357,670,465,732,490
0,358,670,465,732,490
0,359,670,465,732,490
0,360,670,465,732,490
0,361,670,465,732,490
0,362,670,465,732,490
0,363,670,465,732,490
0,364,670,465,732,490
0,365,670,465,732,490
0,366,670,464,732,490
0,367,670,464,732,490
0,368,670,464,732,490
0,369,670,464,732,490
0,370,670,464,732,490
0,371,670,464,732,490
0,372,670,464,732,490
0,373,670,464,731,490
0,374,671,464,731,490
0,375,670,464,731,490
0,376,670,464,731,490
0,377,670,464,731,490
0,378,670,464,731,490
0,379,670,464,731,490
0,380,670,464,730,490
0,381,671,464,730,490
0,382,671,464,730,490
0,383,671,464,730,490
0,384,670,463,730,490
0,385,670,463,730,490
0,386,670,463,730,490
0,387,671,463,729,490
0,388,671,463,729,490
0,389,671,463,729,490
0,390,671,463,729,490
0,391,671,463,729,490
0,392,671,463,728,490
0,393,671,463,728,490
0,394,671,463,728,490
0,395,671,463,728,490
0,396,671,463,728,490
0,397,671,463,728,490
0,398,672,463,728,490
0,399,672,463,728,490
0,400,672,463,728,490
0,401,672,463,727,490
0,402,673,463,727,490
0,403,673,462,727,490
0,404,673,462,726,490
0,405,673,462,726,491
0,406,673,462,726,491
0,407,674,462,726,491
0,408,674,462,726,491
0,409,674,461,727,491
0,410,674,461,727,491
0,411,674,461,727,491
0,412,675,461,728,491
0,413,675,461,728,491
0,414,675,461,728,491
0,415,675,461,728,492
0,416,676,461,728,492
0,417,676,461,728,492
0,418,676,461,728,492
0,419,677,461,729,492
0,420,677,461,729,492
0,421,677,461,729,492
0,422,678,461,729,492
0,423,679,461,729,492
0,424,679,461,729,492
0,425,679,461,729,492
0,426,679,461,729,492
0,427,679,461,729,492
0,428,679,461,729,492
0,429,679,461,729,492
0,430,679,461,729,492
0,431,679,462,729,492
0,432,679,462,729,492
0,433,680,462,729,492
0,434,680,462,729,492
0,435,680,462,729,492
0,436,679,463,729,492
0,437,679,463,729,492
0,438,679,463,729,492
0,439,678,463,729,492
0,440,677,463,729,492
0,441,677,464,729,492
0,442,677,464,729,492
0,443,677,464,729,492
0,444,677,464,729,492
0,445,677,465,729,492
0,446,677,465,729,492
0,447,677,466,729,492
0,448,677,466,729,492
0,449,677,466,729,492
0,450,677,467,729,492
