0,0,500,391,596,583
0,1,498,380,600,583
0,2,496,370,604,584
0,3,488,359,606,585
0,4,477,353,606,587
0,5,468,350,603,587
0,6,459,349,595,588
0,7,451,349,581,591
0,8,446,352,568,595
0,9,442,355,564,595
0,10,438,359,564,596
0,11,435,364,564,599
0,12,435,368,563,604
0,13,438,376,560,609
0,14,434,385,557,608
0,15,426,390,553,608
0,16,421,389,549,608
0,17,419,384,542,609
0,18,418,375,536,609
0,19,418,368,543,609
0,20,418,368,543,609
0,21,415,355,547,609
0,22,413,340,551,611
0,23,405,327,552,613
0,24,392,319,551,616
0,25,379,315,545,616
0,26,366,313,533,618
0,27,356,313,514,623
0,28,349,315,497,629
0,29,343,319,496,631
0,30,336,324,496,633
0,31,330,329,496,638
0,32,327,334,495,645
0,33,324,343,492,652
0,34,310,354,487,651
0,35,296,360,479,651
0,36,286,358,471,651
0,37,280,350,459,652
0,38,277,339,446,653
0,39,277,329,454,653
0,40,276,329,455,652
0,41,270,310,459,652
0,42,266,290,461,659
0,43,260,271,460,663
0,44,244,259,456,666
0,45,228,253,443,667
0,46,209,249,421,670
0,47,193,248,389,678
0,48,182,250,378,690
0,49,167,253,378,697
0,50,136,257,378,703
0,51,108,263,378,714
0,52,84,269,377,720
0,53,92,280,372,720
0,54,60,294,362,720
0,55,30,301,347,720
0,56,5,296,329,720
0,57,0,281,303,720
0,58,0,263,270,720
0,59,0,247,286,720
0,60,0,246,286,720
0,61,0,215,285,720
0,62,0,182,282,720
0,63,0,150,270,720
0,64,0,130,253,720
0,65,0,132,219,720
0,66,0,222,162,720
0,67,0,216,122,720
0,68,0,336,119,720
0,69,0,392,117,720
0,70,0,436,115,720
1,131,0,206,383,720
1,132,0,227,408,720
1,133,0,255,427,720
1,134,0,284,463,720
1,135,0,302,494,720
1,136,69,307,520,720
1,137,146,303,538,720
1,138,222,292,549,720
1,139,268,280,553,720
1,140,269,280,553,720
1,141,295,260,566,720
1,142,322,240,577,720
1,143,343,222,588,720
1,144,374,212,599,720
1,145,423,212,615,720
1,146,427,218,634,720
1,147,429,226,653,719
1,148,432,236,674,711
1,149,434,248,703,711
1,150,434,261,734,711
1,151,436,275,757,709
1,152,438,290,775,707
1,153,446,310,779,702
1,154,469,331,801,692
1,155,506,344,820,689
1,156,546,347,835,690
1,157,589,343,843,690
1,158,633,334,849,691
1,159,637,325,850,691
1,160,638,325,850,692
1,161,648,309,857,689
1,162,659,293,862,686
1,163,677,278,868,679
1,164,695,270,876,673
1,165,720,270,895,669
1,166,750,274,918,665
1,167,753,279,936,665
1,168,754,286,947,660
1,169,755,295,958,660
1,170,755,305,970,659
1,171,756,316,982,658
1,172,757,328,995,656
1,173,762,343,997,653
1,174,776,360,1010,648
1,175,797,370,1023,647
1,176,821,372,1033,647
1,177,848,369,1037,648
1,178,875,361,1039,648
1,179,868,353,1039,648
1,180,868,353,1039,649
1,181,871,340,1043,646
1,182,875,326,1045,645
1,183,886,315,1058,639
1,184,896,308,1074,635
1,185,912,307,1090,633
1,186,934,310,1107,630
1,187,953,314,1121,631
1,188,958,320,1130,627
1,189,958,327,1137,627
1,190,958,335,1145,627
1,191,958,344,1150,626
1,192,959,353,1151,624
1,193,963,365,1148,621
1,194,972,379,1152,616
1,195,986,388,1152,614
1,196,1001,389,1152,610
1,197,1019,386,1152,607
1,198,1034,380,1152,604
1,199,1025,373,1152,562
1,200,1026,373,1152,603
1,201,1025,361,1152,553
1,202,1026,350,1152,549
1,203,1030,340,1152,548
1,204,1036,334,1152,548
1,205,1048,333,1152,547
1,206,1065,339,1152,546
1,207,1084,378,1152,546
1,208,1097,383,1152,547
1,209,1106,390,1152,547
1,210,1108,398,1152,547
2,7,540,402,629,544
2,8,543,404,640,544
2,9,547,406,649,544
2,10,553,409,656,545
2,11,556,413,660,545
2,12,558,416,660,546
2,13,562,422,657,550
2,14,568,428,654,549
2,15,577,431,656,550
2,16,589,431,664,550
2,17,602,429,671,550
2,18,615,425,677,550
2,19,616,421,679,550
2,20,617,421,680,550
2,21,622,414,684,550
2,22,622,407,688,551
2,23,625,400,693,551
2,24,632,396,698,552
2,25,642,394,713,551
2,26,645,395,729,551
2,27,647,396,743,549
2,28,648,397,758,550
2,29,653,400,770,550
2,30,662,403,780,550
2,31,666,407,785,550
2,32,669,411,786,552
2,33,673,418,780,556
2,34,681,423,779,556
2,35,692,427,785,556
2,36,704,427,795,556
2,37,720,424,804,556
2,38,737,420,810,556
2,39,740,416,812,556
2,40,740,416,812,556
2,41,747,408,817,557
2,42,747,400,822,558
2,43,751,393,827,558
2,44,759,388,832,558
2,45,774,387,843,558
2,46,783,387,862,558
2,47,784,388,881,556
2,48,785,390,899,556
2,49,793,393,914,556
2,50,795,396,926,556
2,51,796,400,934,557
2,52,799,404,935,559
2,53,804,411,931,563
2,54,814,418,932,563
2,55,826,422,940,563
2,56,841,422,952,563
2,57,860,419,962,564
2,58,880,414,969,564
2,59,887,410,971,564
2,60,887,410,972,564
2,61,896,401,978,564
2,62,897,392,983,565
2,63,901,384,989,566
2,64,911,379,994,566
2,65,929,377,1002,566
2,66,943,378,1021,566
2,67,947,379,1044,564
2,68,949,381,1067,564
2,69,949,384,1087,564
2,70,950,388,1104,564
2,71,952,392,1113,564
2,72,955,396,1116,564
2,73,961,403,1111,564
2,74,972,411,1115,564
2,75,987,416,1129,564
2,76,1006,416,1143,564
2,77,1028,413,1152,565
2,78,1052,407,1152,557
2,79,1065,402,1152,547
2,80,1065,402,1152,553
2,81,1076,394,1152,547
2,82,1084,391,1152,547
