0,77,805,146,888,367
0,78,803,147,895,365
0,79,795,146,903,363
0,80,779,143,911,363
0,81,761,140,918,362
0,82,748,138,923,360
0,83,736,135,926,358
0,84,725,134,927,357
0,85,716,134,926,357
0,86,709,134,923,356
0,87,706,135,919,357
0,88,702,136,916,358
0,89,698,138,914,360
0,90,694,140,912,360
0,91,694,142,905,360
0,92,697,145,893,360
0,93,704,147,872,362
0,94,719,148,853,365
0,95,738,150,834,366
0,96,754,151,827,367
0,97,751,151,825,368
0,98,745,151,823,369
0,99,742,151,822,369
0,100,743,150,820,368
0,101,745,150,819,367
0,102,748,150,819,366
0,103,748,150,819,366
0,104,748,150,819,366
0,105,747,149,820,366
0,106,746,148,822,366
0,107,747,147,824,368
0,108,751,147,825,368
0,109,758,147,827,370
0,110,759,147,829,367
0,111,757,147,833,365
0,112,755,146,836,365
0,113,753,144,847,362
0,114,751,142,868,360
0,115,747,139,882,360
0,116,743,137,897,358
0,117,738,135,911,356
0,118,734,134,923,356
0,119,731,134,930,356
0,120,731,134,934,356
0,121,733,135,938,356
0,122,736,136,942,356
0,123,741,138,946,357
0,124,747,140,948,358
0,125,754,142,949,359
0,126,760,144,946,360
0,127,777,146,932,363
0,128,793,148,919,365
0,129,804,150,907,367
0,130,810,151,898,368
0,131,810,152,892,369
0,132,811,152,898,370
0,133,811,152,901,369
0,134,813,152,903,368
0,135,814,152,909,368
0,136,814,152,910,368
0,137,812,151,910,368
0,138,811,150,913,367
0,139,810,149,913,368
0,140,809,147,912,369
0,141,809,145,911,370
0,142,809,145,909,369
0,143,809,145,906,369
0,144,809,145,905,366
0,145,805,144,906,364
0,146,792,142,912,362
0,147,780,140,919,361
0,148,765,138,925,360
0,149,751,136,929,360
0,150,741,136,933,360
0,151,735,137,937,360
0,152,729,137,938,361
0,153,726,137,936,361
0,154,724,137,933,362
0,155,718,137,929,362
0,156,712,137,926,361
0,157,710,138,920,361
0,158,712,140,912,361
0,159,716,142,899,363
0,160,723,145,883,365
0,161,736,147,863,368
0,162,754,148,846,367
0,163,768,149,838,368
0,164,762,149,836,369
0,165,760,149,834,369
0,166,758,149,832,369
0,167,755,149,829,369
0,168,757,150,827,368
0,169,758,151,825,367
0,170,757,151,823,367
0,171,758,150,822,367
0,172,758,149,822,367
0,173,754,149,822,368
0,174,756,149,823,369
0,175,761,149,826,370
0,176,758,150,829,367
0,177,757,150,832,365
0,178,752,149,836,364
0,179,746,148,848,364
0,180,739,145,870,360
0,181,733,142,887,360
0,182,727,139,902,359
0,183,723,137,913,358
0,184,719,136,920,357
0,185,717,136,925,357
0,186,717,136,928,358
0,187,719,137,931,359
0,188,723,139,934,359
0,189,726,140,937,359
0,190,730,141,940,359
0,191,738,142,944,359
0,192,750,144,945,360
0,193,764,146,943,360
0,194,784,148,937,361
0,195,801,148,927,361
0,196,806,149,913,364
0,197,808,149,899,367
0,198,809,149,887,368
0,199,809,148,884,369
0,200,808,146,891,367
0,201,805,145,888,365
0,202,797,144,879,366
0,203,786,143,872,362
0,204,780,143,871,361
0,205,779,143,867,361
1,260,796,146,857,306
1,261,795,147,861,304
1,262,788,146,868,303
1,263,778,144,872,303
1,264,765,142,877,302
1,265,756,140,882,301
1,266,747,138,884,299
1,267,739,137,885,299
1,268,733,137,884,299
1,269,727,137,882,299
1,270,725,138,879,299
1,271,723,139,877,300
1,272,720,140,872,301
1,273,717,141,874,301
1,274,717,143,868,301
1,275,719,145,860,301
1,276,724,146,846,302
1,277,735,147,832,304
1,278,748,148,818,305
1,279,760,149,813,305
1,280,758,149,812,306
1,281,754,149,811,306
1,282,752,149,810,306
1,283,752,149,808,306
1,284,754,149,808,305
1,285,756,149,807,305
1,286,756,149,807,305
1,287,755,148,807,304
1,288,755,148,808,304
1,289,755,147,809,305
1,290,755,147,811,306
1,291,758,146,812,306
1,292,763,147,813,307
1,293,764,147,815,305
1,294,762,147,817,304
1,295,761,146,819,304
1,296,759,145,828,302
1,297,758,143,843,301
1,298,755,141,853,301
1,299,752,139,861,300
1,300,748,138,875,299
1,301,745,137,883,299
1,302,743,137,888,299
1,303,743,137,891,298
1,304,744,138,894,298
1,305,747,139,896,298
1,306,751,140,899,299
1,307,755,141,901,299
1,308,760,143,901,300
1,309,765,145,898,301
1,310,776,146,889,303
1,311,789,147,879,304
1,312,796,149,870,306
1,313,800,149,863,306
1,314,801,150,860,307
1,315,801,150,864,307
1,316,801,150,866,306
1,317,802,150,868,306
1,318,803,150,872,306
1,319,803,150,873,305
1,320,802,149,872,305
1,321,801,149,874,305
1,322,800,148,874,306
1,323,800,146,874,306
1,324,800,145,873,307
1,325,800,145,872,306
1,326,800,145,868,306
1,327,800,145,867,305
1,328,797,144,869,303
1,329,788,143,874,302
1,330,779,141,879,302
1,331,768,140,884,301
1,332,758,139,887,301
1,333,751,139,890,301
1,334,746,139,892,301
1,335,742,139,893,301
1,336,740,139,892,301
1,337,738,139,889,302
1,338,734,139,887,302
1,339,730,140,885,301
1,340,728,140,881,301
1,341,730,141,875,301
1,342,733,143,864,303
1,343,738,145,854,304
1,344,747,147,840,306
1,345,760,148,827,306
1,346,770,148,821,306
1,347,766,148,819,306
1,348,765,148,818,307
1,349,763,148,816,307
1,350,761,148,815,306
1,351,762,149,813,306
1,352,763,149,812,305
1,353,762,149,811,305
1,354,762,149,810,305
1,355,763,148,809,305
1,356,760,148,809,306
1,357,761,148,810,306
1,358,765,148,812,307
1,359,763,149,815,305
1,360,762,149,817,303
1,361,758,148,819,303
1,362,754,147,828,303
1,363,749,145,844,301
1,364,744,143,857,301
1,365,740,141,865,300
1,366,737,139,873,299
1,367,735,138,880,299
1,368,733,138,883,299
1,369,733,139,885,300
1,370,735,140,887,300
1,371,737,140,889,301
1,372,739,141,892,301
1,373,742,142,895,301
1,374,748,143,897,301
1,375,757,145,898,301
1,376,767,146,897,301
1,377,782,147,892,301
1,378,794,148,884,302
1,379,798,148,874,303
1,380,799,148,864,305
1,381,800,148,855,306
1,382,800,147,856,306
1,383,801,147,864,305
1,384,802,148,868,304
1,385,803,149,869,304
1,386,802,149,869,305
1,387,799,147,862,306
1,388,786,143,847,304
1,389,777,140,844,301
1,390,778,140,842,300
2,0,761,145,809,251
2,1,760,145,813,251
2,2,759,144,816,251
2,3,756,144,818,251
2,4,752,144,819,251
2,5,748,144,820,251
2,6,745,144,821,251
2,7,739,144,822,251
2,8,731,145,823,250
2,9,724,146,823,250
2,10,720,147,823,250
2,11,718,147,823,251
2,12,718,146,822,251
2,13,721,146,821,250
2,14,725,145,820,250
2,15,731,145,817,250
2,16,735,144,813,250
2,17,737,144,810,250
2,18,739,143,807,250
2,19,743,143,804,250
2,20,747,143,801,250
2,21,747,143,797,250
2,22,747,144,793,250
2,23,747,145,791,250
2,24,747,145,790,250
2,25,747,146,794,250
2,26,746,146,796,251
2,27,745,145,798,251
2,28,741,145,800,251
2,29,736,144,802,251
2,30,733,144,805,252
2,31,730,144,807,252
2,32,727,144,809,252
2,33,722,145,810,252
2,34,716,146,811,252
2,35,713,147,811,252
2,36,712,147,810,252
2,37,714,147,809,252
2,38,719,146,808,252
2,39,727,146,805,252
2,40,729,145,801,252
2,41,731,144,796,252
2,42,735,143,792,252
2,43,738,143,787,252
2,44,738,143,783,252
2,45,739,143,781,251
2,46,740,143,781,252
2,47,739,144,782,252
2,48,738,145,783,252
2,49,737,145,783,252
2,50,737,145,784,251
2,51,736,144,784,251
2,52,735,144,784,251
2,53,734,144,783,251
2,54,734,143,782,251
2,55,731,144,782,251
2,56,729,144,782,252
2,57,725,145,782,252
2,58,723,146,782,251
2,59,722,148,781,251
2,60,722,148,779,251
2,61,722,149,777,251
2,62,722,149,776,251
2,63,741,142,765,252
2,64,742,142,772,252
3,125,924,144,978,247
3,126,927,142,979,247
3,127,929,141,979,247
3,128,930,141,979,247
3,129,931,142,978,246
3,130,932,143,978,247
3,131,932,144,979,247
3,132,932,145,981,247
3,133,932,147,982,247
3,134,932,148,981,247
3,135,932,149,979,247
3,136,932,149,978,248
3,137,932,148,977,248
3,138,932,148,976,249
3,139,932,149,974,249
3,140,933,150,972,249
3,141,935,151,970,250
3,142,937,153,968,250
3,143,937,155,968,251
3,144,937,156,968,251
3,145,937,157,971,251
3,146,937,156,976,251
3,147,937,155,980,251
3,148,938,153,980,251
3,149,938,150,980,250
3,150,938,147,980,249
3,151,936,146,980,249
3,152,934,145,979,248
3,153,933,145,980,248
3,154,932,146,980,248
3,155,931,147,980,247
3,156,930,148,980,247
3,157,930,150,977,247
3,158,929,151,975,247
3,159,928,152,975,247
3,160,926,152,975,247
3,161,923,152,975,247
3,162,920,152,975,247
3,163,918,152,975,247
3,164,915,154,975,247
3,165,912,152,975,247
3,166,910,149,976,247
3,167,909,148,977,247
3,168,908,149,977,247
3,169,908,151,975,247
3,170,908,154,977,247
3,171,908,158,982,247
3,172,909,157,979,247
3,173,909,154,976,247
3,174,911,151,974,247
3,175,914,148,971,247
3,176,917,146,969,247
3,177,921,145,969,247
3,178,923,144,971,247
3,179,923,144,973,246
3,180,923,145,974,246
3,181,924,146,976,247
3,182,923,147,977,247
3,183,923,148,977,247
3,184,924,149,976,247
3,185,926,149,975,247
3,186,927,149,973,247
3,187,927,149,972,247
3,188,927,149,971,248
3,189,927,149,970,249
3,190,927,150,969,249
3,191,927,150,969,249
3,192,927,151,969,249
3,193,926,151,969,250
3,194,927,152,968,250
3,195,929,152,970,250
3,196,931,151,975,250
3,197,933,150,980,250
3,198,934,149,982,249
3,199,934,147,983,249
3,200,933,146,983,248
3,201,933,144,981,248
3,202,932,143,979,248
3,203,930,142,977,248
3,204,928,142,976,247
3,205,926,142,978,247
3,206,924,143,979,247
3,207,924,144,979,247
3,208,924,145,978,247
3,209,924,146,978,247
3,210,925,146,977,247
3,211,925,146,976,247
3,212,924,146,976,247
3,213,923,146,976,247
3,214,923,147,976,247
3,215,922,147,976,247
3,216,922,148,976,247
3,217,921,150,976,247
3,218,921,151,977,247
3,219,921,151,976,247
3,220,921,151,976,247
3,221,921,150,977,247
3,222,921,148,976,247
3,223,922,146,975,247
3,224,923,144,975,247
3,225,925,142,975,247
3,226,927,141,975,247
3,227,927,141,976,246
3,228,924,141,979,246
3,229,918,143,981,246
3,230,913,145,982,246
3,231,911,147,983,247
3,232,911,148,984,247
3,233,911,148,985,247
3,234,911,149,984,247
3,235,911,148,982,247
3,236,912,147,978,247
3,237,913,146,979,247
3,238,916,145,981,247
3,239,920,144,982,247
3,240,924,144,984,248
3,241,925,145,986,248
3,242,924,146,988,248
3,243,922,147,990,248
3,244,921,147,991,248
3,245,921,148,992,248
3,246,923,147,992,248
3,247,926,146,991,248
3,248,926,145,991,248
3,249,927,144,990,248
3,250,928,143,990,248
3,251,929,142,988,248
3,252,931,141,987,247
3,253,932,141,986,247
3,254,931,142,985,247
3,255,931,143,983,247
3,256,931,145,982,248
3,257,931,146,980,248
3,258,930,147,977,248
3,259,930,147,980,248
3,260,930,147,982,248
3,261,929,146,985,248
3,262,929,145,986,247
3,263,927,144,988,247
3,264,926,144,989,247
3,265,922,144,990,247
3,266,919,145,990,247
3,267,917,146,991,247
3,268,915,147,992,247
3,269,913,147,992,247
3,270,912,147,992,247
3,271,912,147,991,247
3,272,913,146,990,247
3,273,914,144,988,247
3,274,916,143,985,247
3,275,919,142,983,247
3,276,922,141,980,247
3,277,922,141,978,247
3,278,921,142,976,247
3,279,921,143,974,247
3,280,921,144,973,247
3,281,921,145,973,247
3,282,921,146,974,248
3,283,921,147,973,248
3,284,921,147,971,248
3,285,921,147,969,248
3,286,921,146,970,247
3,287,921,145,971,247
3,288,921,144,972,247
3,289,922,144,972,248
3,290,922,144,973,248
3,291,921,145,974,249
3,292,920,146,974,249
3,293,919,147,975,249
3,294,919,147,975,249
3,295,920,147,975,249
3,296,920,147,975,249
3,297,920,146,974,249
3,298,920,143,973,248
3,299,921,141,972,248
3,300,921,139,970,248
3,301,921,138,968,247
3,302,920,138,965,247
3,303,918,139,962,247
3,304,915,140,961,247
3,305,912,142,960,248
3,306,910,143,959,248
3,307,909,145,956,248
3,308,908,145,953,248
3,309,908,144,952,248
3,310,909,142,952,248
3,311,910,140,954,247
3,312,910,139,955,247
3,313,910,139,956,247
3,314,909,139,958,247
3,315,907,139,960,247
3,316,905,141,961,248
3,317,903,143,960,248
3,318,902,145,958,248
3,319,902,146,956,248
3,320,902,145,953,248
3,321,902,142,951,248
3,322,902,139,952,248
3,323,903,136,956,247
3,324,903,134,960,247
3,325,902,134,964,247
3,326,902,136,964,247
3,327,901,138,964,246
3,328,900,142,964,246
3,329,900,147,966,247
3,330,900,149,967,247
3,331,900,151,964,247
3,332,900,152,959,247
3,333,900,153,949,247
3,334,900,153,941,247
3,335,900,154,945,247
3,336,900,153,951,247
3,337,901,153,958,247
3,338,901,152,966,247
3,339,901,152,972,247
3,340,901,151,977,247
3,341,902,151,981,247
3,342,905,152,982,247
3,343,908,152,983,246
3,344,911,153,983,245
3,345,916,154,981,245
3,346,921,154,978,245
3,347,928,154,972,246
3,348,935,153,970,246
3,349,935,152,975,245
3,350,935,151,979,245
3,351,930,150,984,245
3,352,923,148,990,245
3,353,920,145,996,245
3,354,918,144,1003,246
3,355,918,145,1006,247
3,356,920,147,1007,247
3,357,925,151,1010,247
3,358,931,152,1010,247
3,359,942,153,1005,247
3,360,946,153,1001,247
3,361,946,152,1000,247
3,362,947,152,998,247
3,363,949,151,995,247
3,364,950,150,997,248
3,365,951,150,999,248
3,366,951,150,1000,249
3,367,951,151,1001,249
3,368,951,151,1000,249
3,369,951,152,998,249
3,370,951,152,997,249
3,371,951,152,996,249
3,372,951,152,995,249
3,373,951,152,996,249
3,374,951,152,996,249
3,375,951,152,996,249
3,376,951,152,995,249
3,377,951,152,996,249
3,378,951,152,997,250
3,379,950,152,998,250
3,380,950,152,997,250
3,381,949,152,992,250
3,382,948,152,983,250
3,383,947,151,986,250
3,384,947,151,987,249
3,385,938,150,988,249
3,386,928,149,990,249
3,387,922,149,992,249
3,388,917,148,993,249
3,389,916,148,995,249
3,390,916,149,998,249
3,391,917,149,1001,249
3,392,921,150,1004,249
3,393,926,150,1006,249
3,394,933,150,1006,249
3,395,933,150,1005,248
3,396,933,149,1003,248
3,397,934,149,1000,247
3,398,934,148,996,246
3,399,934,148,991,247
3,400,935,147,985,247
3,401,936,146,981,247
3,402,937,146,984,246
3,403,938,146,987,246
3,404,938,147,990,246
3,405,938,147,990,246
3,406,940,148,989,245
3,407,942,149,990,245
3,408,945,149,991,245
3,409,948,148,993,245
3,410,952,148,995,245
3,411,956,147,998,245
3,412,953,147,1001,245
3,413,949,146,1006,245
3,414,945,147,1010,245
3,415,943,147,1013,245
3,416,943,148,1014,246
3,417,943,149,1015,246
3,418,943,150,1016,247
3,419,944,150,1017,247
3,420,945,151,1017,247
3,421,947,151,1018,247
3,422,950,151,1018,247
3,423,952,151,1019,247
3,424,955,151,1019,247
3,425,955,150,1018,247
3,426,956,150,1017,247
3,427,957,150,1015,247
3,428,958,149,1015,247
3,429,959,149,1015,247
3,430,960,149,1016,247
3,431,959,149,1014,247
3,432,960,150,1011,247
3,433,960,150,1011,247
3,434,960,149,1015,247
3,435,960,149,1019,247
3,436,960,148,1021,247
3,437,961,147,1022,247
3,438,962,146,1023,247
3,439,963,145,1023,247
3,440,963,145,1023,248
3,441,963,145,1023,248
3,442,963,145,1023,248
3,443,963,145,1023,248
3,444,963,146,1023,248
3,445,963,146,1022,248
3,446,963,146,1022,248
3,447,961,145,1022,248
3,448,960,145,1022,248
3,449,959,144,1022,248
3,450,959,144,1022,248
