0,176,262,344,400,606
0,177,239,348,400,607
0,178,226,355,400,607
0,179,218,365,400,608
0,180,203,376,405,609
0,181,183,388,406,609
0,182,164,401,398,609
0,183,145,415,387,609
0,184,129,428,381,609
0,185,114,430,370,609
0,186,94,436,356,626
0,187,70,450,342,634
0,188,46,473,328,636
0,189,19,469,311,639
0,190,0,464,291,639
0,191,0,461,267,639
0,192,0,463,256,646
0,193,0,472,253,647
0,194,0,499,254,642
0,195,0,497,258,642
0,196,0,489,262,646
0,197,0,488,265,653
0,198,0,490,265,655
0,199,0,493,265,652
0,200,0,498,266,650
0,201,0,506,267,650
0,202,0,518,272,652
0,203,0,532,276,653
0,204,0,541,278,652
0,205,0,542,278,652
0,206,0,542,278,652
0,207,0,542,278,652
0,208,0,543,278,652
0,209,0,543,278,652
0,210,0,544,278,652
0,211,0,544,278,652
0,212,0,545,278,652
0,213,0,545,278,652
0,214,0,545,278,651
0,215,0,546,279,651
0,216,0,546,279,651
0,217,0,547,279,651
0,218,0,547,279,651
0,219,0,548,279,651
0,220,0,548,279,651
0,221,0,549,279,651
0,222,0,549,279,651
0,223,0,550,279,651
0,224,0,550,279,651
0,225,0,550,279,651
0,226,0,551,279,651
0,227,0,551,279,651
0,228,0,551,279,651
0,229,0,551,279,651
0,230,0,552,278,651
0,231,0,552,278,651
0,232,0,552,278,651
0,233,0,552,278,650
0,234,0,552,278,650
0,235,0,552,278,650
0,236,0,552,278,650
0,237,0,553,278,650
0,238,0,553,278,650
0,239,0,553,278,650
0,240,0,553,278,650
0,241,0,553,278,650
0,242,0,553,278,650
0,243,0,553,278,650
0,244,0,553,278,650
0,245,0,553,278,650
0,246,0,554,278,650
0,247,0,554,278,650
0,248,0,554,278,650
0,249,0,554,278,650
0,250,0,554,278,650
0,251,0,554,277,650
0,252,0,554,277,650
0,253,0,554,277,650
0,254,0,554,277,650
0,255,0,554,277,650
0,256,0,554,277,650
0,257,0,554,277,650
0,258,0,554,277,650
0,259,0,554,277,650
0,260,0,554,277,650
0,261,0,554,277,650
0,262,0,554,277,650
0,263,0,554,277,650
0,264,0,554,276,650
0,265,0,554,276,650
0,266,0,554,238,650
0,267,0,554,214,650
0,268,0,554,163,650
0,269,0,555,152,650
0,270,0,555,133,650
0,271,0,555,161,650
0,272,0,555,161,639
0,273,0,555,161,634
0,274,0,555,158,640
0,275,0,555,156,642
0,276,0,555,152,643
0,277,0,555,149,642
0,278,0,555,148,643
0,279,0,555,147,642
0,280,0,555,146,641
0,281,0,556,146,641
0,282,0,556,146,641
0,283,0,556,146,642
0,284,0,556,145,642
0,285,0,556,145,642
0,286,0,556,145,642
0,287,0,556,144,642
0,288,0,556,144,642
0,289,0,556,144,642
0,290,0,556,143,642
0,291,0,556,143,642
0,292,0,556,143,642
0,293,0,556,143,642
0,294,0,557,142,642
0,295,0,557,142,642
0,296,0,557,142,642
0,297,0,557,142,642
0,298,0,557,142,642
0,299,0,557,142,641
0,300,0,557,142,641
0,301,0,557,142,642
0,302,0,557,142,642
0,303,0,557,142,642
0,304,0,557,142,642
0,305,0,557,141,642
0,306,0,557,141,642
0,307,0,557,140,642
0,308,0,557,139,642
0,309,0,557,138,642
0,310,0,557,138,642
0,311,0,557,138,642
0,312,0,557,138,642
0,313,0,557,138,642
0,314,0,557,138,642
0,315,0,557,138,642
0,316,0,557,138,642
0,317,0,557,138,642
0,318,0,558,138,642
0,319,0,558,138,642
0,320,0,557,138,642
0,321,0,557,139,642
0,322,0,558,139,642
0,323,0,557,139,642
0,324,0,557,139,642
0,325,0,558,139,642
0,326,0,558,139,642
0,327,0,558,139,642
0,328,0,558,139,642
0,329,0,558,139,642
0,330,0,558,139,642
0,331,0,558,139,642
0,332,0,558,139,642
0,333,0,557,139,642
0,334,0,558,139,642
0,335,0,557,139,642
0,336,0,557,139,642
0,337,0,557,139,642
0,338,0,557,139,642
0,339,0,557,139,642
0,340,0,557,139,642
0,341,0,557,139,642
0,342,0,557,139,642
0,343,0,557,139,642
0,344,0,557,139,642
0,345,0,557,139,642
0,346,0,557,139,642
0,347,0,557,139,642
0,348,0,557,139,642
0,349,0,557,139,642
0,350,0,557,139,642
0,351,0,557,139,642
0,352,0,557,139,642
0,353,0,557,139,642
0,354,0,557,139,642
0,355,0,557,139,642
0,356,0,557,139,642
0,357,0,557,139,642
0,358,0,557,139,642
0,359,0,557,139,642
0,360,0,557,139,642
0,361,0,557,139,642
0,362,0,557,139,642
0,363,0,557,139,642
0,364,0,557,139,642
0,365,0,557,139,642
0,366,0,557,139,642
0,367,0,557,139,642
0,368,0,557,139,642
0,369,0,557,139,642
0,370,0,557,139,642
0,371,0,557,139,642
0,372,0,557,139,643
0,373,0,557,139,643
0,374,0,557,139,643
0,375,0,557,139,643
0,376,0,557,138,643
0,377,0,557,139,643
0,378,0,557,138,643
0,379,0,557,138,643
0,380,0,557,138,643
0,381,0,557,138,643
0,382,0,557,138,643
0,383,0,557,138,643
0,384,0,557,138,643
0,385,0,557,138,643
0,386,0,557,138,643
0,387,0,557,138,643
0,388,0,557,138,643
0,389,0,557,138,643
0,390,0,557,138,643
0,391,0,557,138,643
0,392,0,557,138,643
0,393,0,557,138,643
0,394,0,557,138,643
0,395,0,557,138,643
0,396,0,557,138,643
0,397,0,557,138,643
0,398,0,557,138,643
0,399,0,557,138,643
0,400,0,557,138,643
0,401,0,557,138,643
0,402,0,557,138,643
0,403,0,557,138,643
0,404,0,557,138,643
0,405,0,557,137,643
0,406,0,557,137,643
0,407,0,557,137,643
0,408,0,557,137,643
0,409,0,557,137,643
0,410,0,557,137,642
0,411,0,557,137,642
0,412,0,557,137,642
0,413,0,557,137,642
0,414,0,557,137,642
0,415,0,557,137,642
0,416,0,557,137,642
0,417,0,557,138,642
0,418,0,557,138,642
0,419,0,557,138,643
0,420,0,557,138,642
0,421,0,557,138,642
0,422,0,557,138,642
0,423,0,557,136,642
0,424,0,557,138,642
0,425,0,557,138,642
0,426,0,559,138,642
0,427,0,557,138,642
0,428,0,557,138,643
0,429,0,557,138,642
0,430,0,557,139,643
0,431,0,559,139,643
0,432,0,559,139,643
0,433,0,559,139,643
0,434,0,559,139,643
0,435,0,557,139,643
0,436,0,557,139,643
0,437,0,557,139,643
0,438,0,557,139,643
0,439,0,557,139,643
0,440,0,557,139,643
0,441,0,557,139,643
0,442,0,557,139,643
0,443,0,557,139,643
0,444,0,557,139,643
0,445,0,557,139,643
0,446,0,557,139,643
0,447,0,557,139,643
0,448,0,557,139,643
0,449,0,557,139,643
0,450,0,557,139,643
1,251,456,302,654,642
1,252,436,306,655,642
1,253,417,312,656,643
1,254,398,320,658,643
1,255,378,331,661,644
1,256,359,343,668,640
1,257,338,357,674,640
1,258,310,374,674,640
1,259,280,391,664,640
1,260,254,407,655,640
1,261,229,423,636,640
1,262,200,432,608,640
1,263,172,446,578,647
1,264,145,470,551,649
1,265,115,468,522,652
1,266,83,465,510,653
1,267,54,461,501,654
1,268,26,461,496,655
1,269,11,465,491,654
1,270,10,489,487,658
1,271,8,501,483,659
1,272,0,491,481,655
1,273,0,490,477,655
1,274,0,492,472,658
1,275,0,495,469,660
1,276,0,501,468,661
1,277,0,509,467,660
1,278,0,521,465,660
1,279,0,535,459,659
1,280,0,546,455,658
1,281,0,546,455,658
1,282,0,547,455,658
1,283,0,547,455,658
1,284,0,548,455,658
1,285,0,549,455,658
1,286,0,549,455,658
1,287,0,550,455,658
1,288,0,550,455,658
1,289,0,551,455,658
1,290,0,551,454,658
1,291,0,552,454,658
1,292,0,552,454,658
1,293,0,553,454,658
1,294,0,553,454,658
1,295,0,553,454,657
1,296,0,553,454,657
1,297,0,553,454,657
1,298,0,553,454,657
1,299,0,553,454,657
1,300,0,553,454,657
1,301,0,553,454,657
1,302,0,553,454,657
1,303,0,553,454,657
1,304,0,553,454,657
1,305,0,553,454,658
1,306,0,553,454,658
1,307,0,553,454,658
1,308,0,553,454,658
1,309,0,553,454,658
1,310,0,553,454,658
1,311,0,553,454,658
1,312,0,553,454,658
1,313,0,553,454,658
1,314,0,553,454,658
1,315,0,553,454,658
1,316,0,552,454,658
1,317,0,552,454,658
1,318,0,552,454,658
1,319,0,553,454,658
1,320,0,553,455,658
1,321,0,553,455,658
1,322,0,553,455,658
1,323,0,553,455,658
1,324,0,553,455,658
1,325,0,553,455,658
1,326,0,553,455,659
1,327,0,553,455,659
1,328,0,553,455,659
1,329,0,553,455,659
1,330,0,553,455,659
1,331,0,553,455,659
1,332,0,553,455,659
1,333,0,553,455,659
1,334,0,553,455,659
1,335,0,553,455,659
1,336,0,553,455,659
1,337,0,553,455,659
1,338,0,553,455,659
1,339,0,553,455,659
1,340,0,553,455,660
1,341,0,554,455,660
1,342,0,554,455,660
1,343,0,554,456,660
1,344,0,554,456,660
1,345,0,554,456,660
1,346,0,554,456,660
1,347,0,554,456,660
1,348,0,554,456,660
1,349,0,554,456,660
1,350,0,554,456,660
1,351,0,555,456,660
1,352,0,555,456,660
1,353,0,555,456,660
1,354,0,555,456,660
1,355,0,555,456,660
1,356,0,555,456,660
1,357,0,555,456,661
1,358,0,555,457,661
1,359,0,555,457,661
1,360,0,555,457,661
1,361,0,555,457,661
1,362,0,555,457,661
1,363,0,555,457,661
1,364,0,556,457,661
1,365,0,556,457,661
1,366,0,556,458,661
1,367,0,556,458,662
1,368,0,556,458,662
1,369,0,556,458,662
1,370,0,556,458,662
1,371,0,556,458,662
1,372,0,556,458,662
1,373,0,556,458,662
1,374,0,556,458,662
1,375,0,556,459,662
1,376,0,556,459,662
1,377,0,556,459,662
1,378,0,556,459,662
1,379,0,556,459,662
1,380,0,556,459,662
1,381,0,556,460,662
1,382,0,556,460,662
1,383,0,556,460,662
1,384,0,556,460,662
1,385,0,556,460,662
1,386,0,556,460,662
1,387,0,556,461,662
1,388,0,556,461,662
1,389,0,556,461,662
1,390,0,556,461,662
1,391,0,556,461,662
1,392,0,556,461,662
1,393,0,556,462,663
1,394,0,556,462,662
1,395,0,556,462,662
1,396,0,556,462,662
1,397,0,556,462,662
1,398,0,556,462,662
1,399,0,556,462,662
1,400,0,556,462,662
1,401,0,556,463,662
1,402,0,556,463,662
1,403,0,556,463,662
1,404,0,556,463,662
1,405,0,556,463,662
1,406,0,556,463,662
1,407,0,556,463,662
1,408,0,556,463,662
1,409,0,556,464,662
1,410,0,556,464,662
1,411,0,556,464,662
1,412,0,556,464,662
1,413,0,556,464,662
1,414,0,556,464,662
1,415,0,556,464,662
1,416,0,556,464,662
1,417,0,556,464,662
1,418,0,556,464,662
1,419,0,557,464,662
1,420,0,557,464,662
1,421,0,556,464,662
1,422,0,556,465,662
1,423,0,556,465,662
1,424,0,556,465,662
1,425,0,556,465,662
1,426,0,556,465,662
1,427,0,556,465,662
1,428,0,556,465,662
1,429,0,556,465,662
1,430,0,556,465,662
1,431,0,556,465,662
1,432,0,556,465,662
1,433,0,556,465,662
1,434,0,556,465,662
1,435,0,556,465,662
1,436,0,556,465,662
1,437,0,556,465,663
1,438,0,556,465,663
1,439,0,556,465,663
1,440,0,556,465,663
1,441,0,556,465,663
1,442,0,556,465,663
1,443,0,556,465,663
1,444,0,556,465,663
1,445,0,556,465,663
1,446,0,556,465,663
1,447,0,556,465,663
1,448,0,556,465,663
1,449,0,556,465,663
1,450,0,556,465,663
2,89,676,395,747,548
2,90,676,395,748,548
2,91,675,396,749,548
2,92,673,396,750,548
2,93,674,396,752,548
2,94,676,396,755,548
2,95,679,396,758,548
2,96,683,397,759,549
2,97,689,398,761,549
2,98,694,398,763,550
2,99,696,399,764,550
2,100,696,399,764,550
2,101,696,399,765,550
2,102,696,400,766,550
2,103,696,400,766,550
2,104,696,400,766,550
2,105,696,400,766,550
2,106,696,399,765,550
2,107,695,399,765,550
2,108,691,399,764,550
2,109,687,399,763,550
2,110,684,398,761,549
2,111,681,398,760,549
2,112,679,397,758,548
2,113,678,397,754,548
2,114,677,397,751,548
2,115,677,396,752,548
2,116,678,396,753,548
2,117,680,396,755,548
2,118,683,395,755,548
2,119,687,395,756,548
2,120,691,395,756,548
2,121,693,395,756,548
2,122,692,396,755,548
2,123,691,396,754,548
2,124,690,396,753,548
2,125,689,396,751,548
2,126,688,396,749,548
2,127,687,397,747,548
2,128,687,397,744,548
2,129,687,397,742,548
2,130,682,397,739,549
2,131,679,397,738,548
2,132,676,398,737,549
2,133,674,398,737,548
2,134,672,398,736,548
2,135,672,398,735,548
2,136,672,398,734,548
2,137,672,399,734,548
2,138,672,399,735,547
2,139,672,399,737,547
2,140,672,399,739,547
2,141,673,399,741,547
2,142,674,399,743,548
2,143,676,399,745,548
2,144,679,399,747,548
2,145,682,399,748,548
2,146,686,399,748,548
2,147,687,398,749,549
2,148,688,398,749,549
2,149,691,398,748,549
2,150,692,397,748,549
2,151,692,397,747,549
2,152,692,396,746,549
2,153,687,395,744,549
2,154,681,394,741,549
2,155,677,394,738,549
3,241,340,354,439,582
3,242,337,354,441,582
3,243,336,355,442,583
3,244,335,354,442,583
3,245,335,355,443,583
3,246,336,355,447,583
3,247,338,355,450,584
3,248,342,357,452,585
3,249,349,358,454,586
3,250,355,359,456,586
3,251,361,360,457,586
3,252,367,360,459,586
3,253,371,361,460,587
3,254,371,361,461,587
3,255,388,445,461,587
3,256,389,463,462,587
3,257,389,467,461,587
3,258,389,474,458,587
3,259,382,360,447,434
3,260,358,360,446,454
3,261,351,359,445,479
3,262,348,358,445,505
3,263,345,358,446,539
3,264,343,357,446,556
3,265,341,357,446,562
3,266,340,356,447,564
3,267,338,356,448,561
3,268,338,355,450,583
3,269,340,355,452,583
3,270,343,354,454,582
3,271,348,354,455,581
3,272,353,354,456,574
3,273,360,354,457,573
3,274,366,355,456,576
3,275,367,355,455,582
3,276,367,355,452,583
3,277,366,356,449,583
3,278,370,356,446,581
3,279,375,356,442,581
3,280,380,357,437,581
3,281,385,357,433,581
3,282,387,357,430,580
3,283,387,358,429,511
3,284,391,358,428,481
3,285,395,359,427,439
3,286,368,476,396,558
3,287,362,470,401,579
3,288,362,469,401,579
3,289,362,467,402,579
3,290,361,466,403,579
3,291,361,466,406,579
3,292,362,427,408,579
3,293,342,407,410,579
3,294,342,360,415,579
3,295,342,360,415,579
3,296,344,360,416,579
3,297,348,360,417,579
3,298,352,360,425,579
3,299,357,359,432,578
3,300,361,359,437,583
3,301,364,358,442,583
3,302,366,358,443,583
3,303,366,357,442,583
3,304,364,355,440,583
3,305,362,354,438,582
3,306,358,354,436,582
3,307,355,353,435,582
3,308,351,353,434,582
3,309,349,353,436,582
3,310,349,353,436,582
3,311,346,353,437,582
3,312,343,354,438,582
3,313,340,354,439,582
3,314,337,354,441,582
3,315,336,355,442,583
3,316,335,354,442,583
3,317,335,355,443,583
3,318,336,355,447,583
3,319,338,355,450,584
3,320,342,357,452,585
3,321,349,358,454,586
3,322,355,359,456,586
3,323,361,360,457,586
3,324,367,360,459,586
3,325,371,361,460,587
3,326,371,361,461,587
3,327,372,361,461,587
3,328,372,360,462,587
3,329,369,361,461,587
3,330,364,360,461,587
3,331,359,360,461,587
3,332,355,360,460,587
3,333,351,359,458,586
3,334,348,358,455,586
3,335,345,358,451,585
3,336,343,357,447,583
3,337,341,357,446,582
3,338,340,356,447,582
3,339,338,356,448,582
3,340,338,355,450,583
3,341,340,355,452,583
3,342,343,354,454,583
3,343,348,354,455,583
3,344,353,354,456,583
3,345,360,354,457,583
3,346,366,355,456,583
3,347,367,355,455,582
3,348,367,355,452,583
3,349,366,356,449,583
3,350,366,356,446,583
3,351,366,356,442,583
3,352,359,357,437,583
3,353,353,357,433,583
3,354,349,357,430,583
3,355,345,358,429,583
3,356,343,358,429,583
3,357,342,359,428,583
3,358,342,359,427,582
3,359,344,359,426,582
3,360,345,359,425,582
3,361,346,360,425,581
3,362,345,360,424,581
3,363,345,361,425,581
3,364,343,361,427,581
3,365,342,360,430,581
3,366,342,360,434,581
3,367,342,360,438,581
3,368,344,360,441,582
3,369,348,360,443,582
3,370,352,360,445,582
3,371,357,359,445,583
3,372,361,359,445,583
3,373,364,358,445,583
3,374,366,358,443,583
3,375,366,357,442,583
3,376,364,356,440,583
3,377,362,354,438,582
3,378,358,354,436,582
3,379,355,353,435,582
3,380,351,353,434,582
3,381,370,352,435,583
